-10.00000,3.64534
-9.99600,4.23330
-9.99200,1.97488
-9.98800,0.91323
-9.98400,2.19410
-9.98000,-0.26137
-9.97600,4.54195
-9.97199,1.71144
-9.96799,2.10067
-9.96399,0.29078
-9.95999,1.71088
-9.95599,1.79221
-9.95199,1.12967
-9.94799,2.95811
-9.94399,4.62842
-9.93999,0.02951
-9.93599,0.74163
-9.93199,2.30578
-9.92799,3.27793
-9.92398,4.33781
-9.91998,2.16385
-9.91598,0.26015
-9.91198,4.37146
-9.90798,4.06935
-9.90398,1.06945
-9.89998,1.95614
-9.89598,3.55840
-9.89198,2.03991
-9.88798,1.85392
-9.88398,1.83220
-9.87998,1.05610
-9.87598,4.62794
-9.87197,4.14743
-9.86797,3.46265
-9.86397,2.19872
-9.85997,4.24243
-9.85597,3.05648
-9.85197,0.09666
-9.84797,0.45051
-9.84397,1.08667
-9.83997,3.52585
-9.83597,2.21623
-9.83197,1.03204
-9.82797,4.32968
-9.82396,4.09895
-9.81996,4.29381
-9.81596,1.23163
-9.81196,4.68452
-9.80796,-0.06693
-9.80396,0.45571
-9.79996,4.17890
-9.79596,3.79818
-9.79196,3.20610
-9.78796,1.88079
-9.78396,1.47397
-9.77996,4.45497
-9.77596,3.88274
-9.77195,2.05927
-9.76795,2.56384
-9.76395,-0.12582
-9.75995,1.20957
-9.75595,1.44208
-9.75195,1.25260
-9.74795,1.60761
-9.74395,4.61460
-9.73995,4.16986
-9.73595,0.30597
-9.73195,2.18410
-9.72795,1.96039
-9.72394,0.16617
-9.71994,3.35715
-9.71594,2.98533
-9.71194,1.22566
-9.70794,-0.10855
-9.70394,3.56424
-9.69994,3.43911
-9.69594,0.41325
-9.69194,2.11299
-9.68794,1.42104
-9.68394,3.98790
-9.67994,1.38040
-9.67594,3.81546
-9.67193,4.20723
-9.66793,4.21401
-9.66393,3.60478
-9.65993,4.13892
-9.65593,0.36976
-9.65193,2.71750
-9.64793,-0.00800
-9.64393,3.70937
-9.63993,4.63577
-9.63593,2.24845
-9.63193,2.11452
-9.62793,3.11241
-9.62392,3.06104
-9.61992,1.41820
-9.61592,0.87318
-9.61192,0.21973
-9.60792,2.77909
-9.60392,2.58370
-9.59992,0.41673
-9.59592,3.93119
-9.59192,4.40539
-9.58792,2.76892
-9.58392,0.01778
-9.57992,0.09922
-9.57592,3.98470
-9.57191,1.29331
-9.56791,1.29606
-9.56391,1.42774
-9.55991,3.47071
-9.55591,2.12138
-9.55191,4.51225
-9.54791,4.23936
-9.54391,3.80948
-9.53991,1.16062
-9.53591,2.26226
-9.53191,3.94269
-9.52791,1.79189
-9.52390,0.30491
-9.51990,3.19491
-9.51590,4.32952
-9.51190,1.96267
-9.50790,3.45702
-9.50390,-0.07458
-9.49990,0.18183
-9.49590,0.04406
-9.49190,-0.08056
-9.48790,2.36359
-9.48390,2.40086
-9.47990,1.34017
-9.47590,4.24452
-9.47189,4.32195
-9.46789,2.02508
-9.46389,1.81222
-9.45989,3.11901
-9.45589,1.24651
-9.45189,4.03800
-9.44789,1.11634
-9.44389,0.41343
-9.43989,4.40126
-9.43589,-0.08716
-9.43189,0.67957
-9.42789,3.45252
-9.42388,0.41028
-9.41988,1.19528
-9.41588,3.34745
-9.41188,3.37089
-9.40788,2.30615
-9.40388,2.53869
-9.39988,0.09516
-9.39588,3.05874
-9.39188,4.23189
-9.38788,2.45598
-9.38388,-0.14928
-9.37988,3.64321
-9.37588,1.69602
-9.37187,4.55293
-9.36787,2.08625
-9.36387,3.89075
-9.35987,0.10527
-9.35587,0.29289
-9.35187,2.70895
-9.34787,2.07356
-9.34387,3.46097
-9.33987,1.43392
-9.33587,2.32264
-9.33187,2.22989
-9.32787,2.90298
-9.32386,-0.04361
-9.31986,1.55928
-9.31586,0.61436
-9.31186,3.18142
-9.30786,2.91527
-9.30386,2.86298
-9.29986,0.05990
-9.29586,-0.19275
-9.29186,2.59965
-9.28786,4.24174
-9.28386,1.55058
-9.27986,1.75166
-9.27586,3.10624
-9.27185,3.49123
-9.26785,3.92275
-9.26385,0.44976
-9.25985,3.15478
-9.25585,1.90807
-9.25185,1.88923
-9.24785,0.36576
-9.24385,0.62428
-9.23985,0.89973
-9.23585,1.93306
-9.23185,0.39086
-9.22785,-0.03331
-9.22384,2.99091
-9.21984,0.79726
-9.21584,3.17417
-9.21184,1.33974
-9.20784,4.67268
-9.20384,1.09967
-9.19984,4.04784
-9.19584,1.19606
-9.19184,2.40922
-9.18784,2.27162
-9.18384,0.23872
-9.17984,2.96104
-9.17584,0.42197
-9.17183,2.06883
-9.16783,2.72648
-9.16383,0.57179
-9.15983,4.03739
-9.15583,2.44064
-9.15183,1.55881
-9.14783,2.82962
-9.14383,3.06092
-9.13983,4.71914
-9.13583,3.54395
-9.13183,1.93740
-9.12783,1.64166
-9.12382,0.45831
-9.11982,3.67985
-9.11582,0.10415
-9.11182,0.54005
-9.10782,3.46994
-9.10382,2.33936
-9.09982,1.38010
-9.09582,0.59414
-9.09182,1.47227
-9.08782,2.41343
-9.08382,4.40658
-9.07982,4.23191
-9.07582,4.46119
-9.07181,1.20673
-9.06781,3.53090
-9.06381,1.17912
-9.05981,0.70608
-9.05581,2.33860
-9.05181,0.82027
-9.04781,2.55686
-9.04381,1.31338
-9.03981,2.88069
-9.03581,0.85533
-9.03181,3.78115
-9.02781,1.14381
-9.02380,-0.04365
-9.01980,1.03663
-9.01580,0.08295
-9.01180,1.98553
-9.00780,3.20025
-9.00380,3.30806
-8.99980,0.39827
-8.99580,0.40048
-8.99180,3.11972
-8.98780,2.43131
-8.98380,2.84275
-8.97980,3.99184
-8.97580,1.00017
-8.97179,0.39957
-8.96779,1.53265
-8.96379,-0.15962
-8.95979,0.62844
-8.95579,2.59342
-8.95179,4.04789
-8.94779,1.97427
-8.94379,1.59218
-8.93979,4.17504
-8.93579,0.97234
-8.93179,-0.05304
-8.92779,0.94591
-8.92378,2.68154
-8.91978,2.44858
-8.91578,3.69427
-8.91178,0.67242
-8.90778,3.72471
-8.90378,3.16080
-8.89978,2.69805
-8.89578,3.48238
-8.89178,4.56239
-8.88778,4.74164
-8.88378,4.76344
-8.87978,0.03310
-8.87578,0.92097
-8.87177,3.83069
-8.86777,0.56742
-8.86377,3.62733
-8.85977,0.43185
-8.85577,2.57126
-8.85177,3.12971
-8.84777,2.83923
-8.84377,1.36381
-8.83977,3.35152
-8.83577,0.36226
-8.83177,3.79272
-8.82777,2.92393
-8.82376,3.77781
-8.81976,2.65981
-8.81576,2.01596
-8.81176,1.21338
-8.80776,0.40580
-8.80376,3.53585
-8.79976,3.72937
-8.79576,1.65354
-8.79176,3.12992
-8.78776,3.52181
-8.78376,1.39078
-8.77976,3.35008
-8.77576,2.63395
-8.77175,0.04693
-8.76775,3.66587
-8.76375,0.08703
-8.75975,3.70510
-8.75575,2.33531
-8.75175,3.25828
-8.74775,0.25866
-8.74375,4.76802
-8.73975,2.57653
-8.73575,1.25231
-8.73175,3.05184
-8.72775,3.12768
-8.72374,3.90333
-8.71974,2.95898
-8.71574,3.19519
-8.71174,0.47814
-8.70774,0.33502
-8.70374,3.24241
-8.69974,2.21969
-8.69574,0.14960
-8.69174,3.41979
-8.68774,4.08765
-8.68374,3.33500
-8.67974,1.17832
-8.67574,3.63729
-8.67173,2.51722
-8.66773,0.14152
-8.66373,3.16932
-8.65973,3.01516
-8.65573,-0.18802
-8.65173,0.03056
-8.64773,4.58170
-8.64373,3.78398
-8.63973,2.41560
-8.63573,2.00138
-8.63173,1.04292
-8.62773,1.80239
-8.62372,1.30429
-8.61972,1.62894
-8.61572,4.06736
-8.61172,2.67243
-8.60772,2.24816
-8.60372,4.77085
-8.59972,2.16638
-8.59572,0.73211
-8.59172,4.28526
-8.58772,4.06545
-8.58372,2.83607
-8.57972,2.45427
-8.57572,2.16616
-8.57171,2.54357
-8.56771,1.22319
-8.56371,4.21464
-8.55971,1.39550
-8.55571,2.07750
-8.55171,0.54994
-8.54771,3.31463
-8.54371,4.56375
-8.53971,3.93019
-8.53571,2.87135
-8.53171,1.82911
-8.52771,2.62123
-8.52370,3.91257
-8.51970,0.88789
-8.51570,3.07941
-8.51170,4.46918
-8.50770,1.75364
-8.50370,1.34248
-8.49970,2.97388
-8.49570,0.43274
-8.49170,2.17597
-8.48770,4.82213
-8.48370,1.59206
-8.47970,2.81044
-8.47570,0.36412
-8.47169,-0.11584
-8.46769,0.17422
-8.46369,-0.07231
-8.45969,4.24074
-8.45569,2.68562
-8.45169,2.65683
-8.44769,1.40963
-8.44369,1.93066
-8.43969,2.50908
-8.43569,2.06694
-8.43169,0.95213
-8.42769,3.56689
-8.42368,2.87888
-8.41968,1.73708
-8.41568,3.99483
-8.41168,0.11842
-8.40768,3.59483
-8.40368,2.44402
-8.39968,3.67741
-8.39568,1.55138
-8.39168,1.42786
-8.38768,0.77697
-8.38368,4.78986
-8.37968,1.33757
-8.37568,1.85940
-8.37167,1.95542
-8.36767,4.46301
-8.36367,1.34940
-8.35967,3.04795
-8.35567,1.99067
-8.35167,1.21809
-8.34767,1.56580
-8.34367,2.95464
-8.33967,4.08042
-8.33567,3.91900
-8.33167,3.57836
-8.32767,4.33614
-8.32366,1.52995
-8.31966,4.00385
-8.31566,2.93527
-8.31166,4.08335
-8.30766,4.22704
-8.30366,4.51578
-8.29966,4.55800
-8.29566,4.73225
-8.29166,4.29871
-8.28766,2.98607
-8.28366,1.33056
-8.27966,2.01251
-8.27566,4.49847
-8.27165,1.17656
-8.26765,4.26469
-8.26365,0.71056
-8.25965,2.42406
-8.25565,1.26726
-8.25165,0.10661
-8.24765,3.23780
-8.24365,2.71808
-8.23965,0.48092
-8.23565,3.35268
-8.23165,4.43833
-8.22765,-0.07972
-8.22364,4.35916
-8.21964,2.55568
-8.21564,2.18844
-8.21164,1.41447
-8.20764,0.90418
-8.20364,3.39347
-8.19964,1.61868
-8.19564,3.98702
-8.19164,4.40240
-8.18764,3.87815
-8.18364,4.86218
-8.17964,1.43404
-8.17564,1.71285
-8.17163,2.65168
-8.16763,3.88153
-8.16363,2.42729
-8.15963,1.41671
-8.15563,-0.00176
-8.15163,0.70627
-8.14763,3.69591
-8.14363,0.18693
-8.13963,2.71377
-8.13563,2.61514
-8.13163,0.10762
-8.12763,4.12094
-8.12362,1.41599
-8.11962,3.64395
-8.11562,1.46035
-8.11162,3.77418
-8.10762,1.99385
-8.10362,3.59670
-8.09962,3.92965
-8.09562,1.64291
-8.09162,0.14803
-8.08762,2.16579
-8.08362,3.95328
-8.07962,2.05560
-8.07562,1.94229
-8.07161,3.46998
-8.06761,1.88414
-8.06361,2.13777
-8.05961,3.64141
-8.05561,0.81426
-8.05161,0.35604
-8.04761,0.13505
-8.04361,4.03830
-8.03961,-0.01925
-8.03561,4.01392
-8.03161,4.07298
-8.02761,1.74916
-8.02360,4.67271
-8.01960,3.10050
-8.01560,1.99947
-8.01160,1.38866
-8.00760,3.58845
-8.00360,4.43158
-7.99960,1.76267
-7.99560,1.32206
-7.99160,4.54433
-7.98760,2.94494
-7.98360,4.79854
-7.97960,4.90491
-7.97560,2.30511
-7.97159,4.51835
-7.96759,2.74605
-7.96359,1.49896
-7.95959,0.74640
-7.95559,4.51081
-7.95159,3.89971
-7.94759,4.86573
-7.94359,-0.01700
-7.93959,1.04224
-7.93559,2.24182
-7.93159,1.69267
-7.92759,2.44859
-7.92358,2.08897
-7.91958,3.84781
-7.91558,1.77011
-7.91158,3.00866
-7.90758,0.30225
-7.90358,0.85281
-7.89958,0.70111
-7.89558,3.40944
-7.89158,2.28102
-7.88758,2.01055
-7.88358,0.74866
-7.87958,1.36879
-7.87558,0.52195
-7.87157,3.01602
-7.86757,0.58470
-7.86357,1.32020
-7.85957,1.65612
-7.85557,3.24213
-7.85157,4.83491
-7.84757,4.92431
-7.84357,2.14992
-7.83957,0.88526
-7.83557,2.09609
-7.83157,2.79402
-7.82757,0.05203
-7.82356,4.32044
-7.81956,2.13496
-7.81556,4.50749
-7.81156,4.89620
-7.80756,0.57545
-7.80356,0.54140
-7.79956,0.38721
-7.79556,0.79683
-7.79156,2.01331
-7.78756,1.08815
-7.78356,4.60784
-7.77956,0.86138
-7.77556,4.19221
-7.77155,1.58143
-7.76755,1.92096
-7.76355,4.40615
-7.75955,4.03507
-7.75555,1.08157
-7.75155,4.09746
-7.74755,2.61843
-7.74355,0.40890
-7.73955,2.47399
-7.73555,1.17635
-7.73155,0.18424
-7.72755,1.92606
-7.72354,2.50683
-7.71954,3.30787
-7.71554,2.06299
-7.71154,2.03048
-7.70754,4.68744
-7.70354,2.35604
-7.69954,2.14144
-7.69554,2.93119
-7.69154,3.11224
-7.68754,1.92224
-7.68354,1.62933
-7.67954,4.83292
-7.67554,3.65969
-7.67153,3.41361
-7.66753,4.36705
-7.66353,3.21812
-7.65953,2.67799
-7.65553,4.54925
-7.65153,4.36721
-7.64753,1.88311
-7.64353,3.41954
-7.63953,3.17872
-7.63553,1.38680
-7.63153,1.27950
-7.62753,3.94403
-7.62352,0.48370
-7.61952,2.88503
-7.61552,0.28099
-7.61152,1.88052
-7.60752,4.26912
-7.60352,2.96000
-7.59952,3.80346
-7.59552,4.20934
-7.59152,2.01168
-7.58752,4.47619
-7.58352,0.55434
-7.57952,1.87281
-7.57552,3.79483
-7.57151,2.89129
-7.56751,1.93454
-7.56351,1.42206
-7.55951,1.12190
-7.55551,4.37764
-7.55151,3.05297
-7.54751,1.17403
-7.54351,1.71499
-7.53951,3.85811
-7.53551,4.69057
-7.53151,2.23409
-7.52751,0.23154
-7.52350,0.24014
-7.51950,2.72772
-7.51550,3.42331
-7.51150,3.40695
-7.50750,0.57928
-7.50350,2.69972
-7.49950,3.82325
-7.49550,0.72446
-7.49150,4.07341
-7.48750,0.98845
-7.48350,3.00628
-7.47950,4.83326
-7.47550,2.90682
-7.47149,0.74605
-7.46749,2.60197
-7.46349,1.66510
-7.45949,3.82981
-7.45549,3.41804
-7.45149,2.42372
-7.44749,2.56306
-7.44349,3.79832
-7.43949,4.28603
-7.43549,3.90190
-7.43149,4.83970
-7.42749,4.29045
-7.42348,3.77111
-7.41948,3.34167
-7.41548,4.17652
-7.41148,2.46588
-7.40748,3.38190
-7.40348,2.33459
-7.39948,4.18698
-7.39548,2.37651
-7.39148,3.23104
-7.38748,2.00982
-7.38348,2.93091
-7.37948,3.64819
-7.37548,4.20868
-7.37147,1.41696
-7.36747,0.61972
-7.36347,3.99047
-7.35947,0.52052
-7.35547,2.26695
-7.35147,1.55435
-7.34747,2.55752
-7.34347,4.26001
-7.33947,1.05173
-7.33547,4.17125
-7.33147,3.31872
-7.32747,3.92251
-7.32346,2.30437
-7.31946,0.26053
-7.31546,2.06901
-7.31146,4.17880
-7.30746,1.16813
-7.30346,1.16685
-7.29946,2.49894
-7.29546,1.50710
-7.29146,3.77644
-7.28746,2.41527
-7.28346,2.72506
-7.27946,1.20552
-7.27546,1.74294
-7.27145,4.98893
-7.26745,3.32472
-7.26345,2.48910
-7.25945,0.46562
-7.25545,4.12422
-7.25145,5.09284
-7.24745,3.84442
-7.24345,1.59496
-7.23945,4.44908
-7.23545,4.74743
-7.23145,3.05559
-7.22745,1.64706
-7.22344,4.55246
-7.21944,1.65891
-7.21544,4.04615
-7.21144,0.74048
-7.20744,4.83700
-7.20344,3.14240
-7.19944,3.64709
-7.19544,0.59416
-7.19144,1.64501
-7.18744,1.53996
-7.18344,1.31513
-7.17944,3.43313
-7.17544,1.11466
-7.17143,3.89150
-7.16743,3.71941
-7.16343,2.43572
-7.15943,4.12586
-7.15543,0.84654
-7.15143,3.10107
-7.14743,3.77917
-7.14343,1.75394
-7.13943,3.90659
-7.13543,4.41059
-7.13143,4.32093
-7.12743,4.22932
-7.12342,0.80040
-7.11942,5.10999
-7.11542,2.86304
-7.11142,4.39651
-7.10742,4.14855
-7.10342,1.97872
-7.09942,4.90245
-7.09542,1.87537
-7.09142,5.14072
-7.08742,2.05294
-7.08342,1.94491
-7.07942,3.35687
-7.07542,0.60597
-7.07141,1.41083
-7.06741,3.47595
-7.06341,4.15215
-7.05941,2.63903
-7.05541,4.24577
-7.05141,2.09461
-7.04741,3.17660
-7.04341,2.32247
-7.03941,1.70526
-7.03541,5.28338
-7.03141,2.16956
-7.02741,2.95379
-7.02340,2.83058
-7.01940,4.79825
-7.01540,1.25647
-7.01140,4.99709
-7.00740,3.18362
-7.00340,1.21129
-6.99940,3.90351
-6.99540,0.91286
-6.99140,2.99429
-6.98740,2.26701
-6.98340,3.33400
-6.97940,0.73624
-6.97540,0.54467
-6.97139,1.17219
-6.96739,5.19286
-6.96339,4.08352
-6.95939,2.15124
-6.95539,4.06193
-6.95139,3.02408
-6.94739,2.64033
-6.94339,1.47096
-6.93939,2.00262
-6.93539,3.43042
-6.93139,1.70107
-6.92739,0.56086
-6.92338,0.69302
-6.91938,1.49426
-6.91538,3.73938
-6.91138,3.69692
-6.90738,2.03127
-6.90338,2.29293
-6.89938,5.46460
-6.89538,1.95209
-6.89138,3.84295
-6.88738,1.37032
-6.88338,2.19621
-6.87938,0.61989
-6.87538,1.75856
-6.87137,4.50308
-6.86737,1.95627
-6.86337,5.36295
-6.85937,2.53960
-6.85537,4.57254
-6.85137,1.90583
-6.84737,3.13516
-6.84337,4.79879
-6.83937,4.11159
-6.83537,5.28064
-6.83137,2.97278
-6.82737,2.30625
-6.82336,5.36838
-6.81936,3.20339
-6.81536,2.00016
-6.81136,2.08589
-6.80736,1.27925
-6.80336,2.80227
-6.79936,3.19097
-6.79536,4.94763
-6.79136,4.19252
-6.78736,5.25722
-6.78336,3.94365
-6.77936,2.70180
-6.77536,4.33514
-6.77135,0.95794
-6.76735,4.02549
-6.76335,2.84224
-6.75935,5.37602
-6.75535,5.20187
-6.75135,1.70347
-6.74735,5.32440
-6.74335,4.47907
-6.73935,3.23022
-6.73535,4.84857
-6.73135,3.48023
-6.72735,5.49492
-6.72334,1.23558
-6.71934,4.58885
-6.71534,3.54820
-6.71134,1.67640
-6.70734,5.69823
-6.70334,0.75664
-6.69934,4.30325
-6.69534,2.21519
-6.69134,3.27120
-6.68734,3.24368
-6.68334,3.15126
-6.67934,1.27622
-6.67534,5.75905
-6.67133,1.27849
-6.66733,3.91420
-6.66333,0.94052
-6.65933,5.23867
-6.65533,4.25750
-6.65133,3.32741
-6.64733,4.80502
-6.64333,1.14813
-6.63933,2.92618
-6.63533,1.30236
-6.63133,5.66700
-6.62733,1.12878
-6.62332,2.55261
-6.61932,5.57590
-6.61532,4.67777
-6.61132,4.57109
-6.60732,3.41130
-6.60332,5.51395
-6.59932,4.30787
-6.59532,3.51391
-6.59132,3.91251
-6.58732,4.10251
-6.58332,5.66529
-6.57932,3.82426
-6.57532,3.76327
-6.57131,2.43031
-6.56731,4.24894
-6.56331,5.86711
-6.55931,2.17992
-6.55531,3.01342
-6.55131,4.64122
-6.54731,1.86290
-6.54331,5.71905
-6.53931,3.29602
-6.53531,2.94302
-6.53131,5.15172
-6.52731,2.42228
-6.52330,5.29198
-6.51930,3.94045
-6.51530,1.67387
-6.51130,2.05570
-6.50730,5.31060
-6.50330,1.05936
-6.49930,3.50061
-6.49530,5.41379
-6.49130,4.54771
-6.48730,5.47290
-6.48330,3.69572
-6.47930,3.97058
-6.47530,2.03318
-6.47129,1.29538
-6.46729,3.74008
-6.46329,3.32670
-6.45929,2.16707
-6.45529,4.57066
-6.45129,3.86158
-6.44729,4.84858
-6.44329,5.85420
-6.43929,4.69444
-6.43529,1.77224
-6.43129,4.34611
-6.42729,5.35437
-6.42328,2.50082
-6.41928,4.33536
-6.41528,2.64311
-6.41128,4.96410
-6.40728,2.87087
-6.40328,3.16060
-6.39928,2.75297
-6.39528,5.75935
-6.39128,2.03599
-6.38728,1.43115
-6.38328,1.45755
-6.37928,1.62457
-6.37528,1.97753
-6.37127,3.45096
-6.36727,3.94580
-6.36327,1.93786
-6.35927,2.75524
-6.35527,4.12615
-6.35127,3.40998
-6.34727,4.29352
-6.34327,2.05990
-6.33927,3.13308
-6.33527,1.30354
-6.33127,3.48291
-6.32727,3.83660
-6.32326,2.40631
-6.31926,2.07860
-6.31526,2.69063
-6.31126,4.84934
-6.30726,2.53386
-6.30326,5.90734
-6.29926,4.17446
-6.29526,5.85269
-6.29126,2.73080
-6.28726,6.17485
-6.28326,4.47392
-6.27926,4.27398
-6.27526,1.46676
-6.27125,2.63773
-6.26725,1.42626
-6.26325,4.34624
-6.25925,3.64355
-6.25525,4.42674
-6.25125,5.08064
-6.24725,4.26352
-6.24325,1.44360
-6.23925,2.26102
-6.23525,6.34184
-6.23125,6.27922
-6.22725,4.73207
-6.22324,5.12124
-6.21924,3.19025
-6.21524,5.13653
-6.21124,4.88730
-6.20724,2.10314
-6.20324,1.56951
-6.19924,3.01621
-6.19524,5.78146
-6.19124,2.57230
-6.18724,1.75221
-6.18324,5.13229
-6.17924,5.08950
-6.17524,4.85729
-6.17123,4.65123
-6.16723,6.38323
-6.16323,2.17423
-6.15923,5.27273
-6.15523,5.39727
-6.15123,3.64017
-6.14723,2.70866
-6.14323,5.82978
-6.13923,4.90768
-6.13523,2.77743
-6.13123,2.08790
-6.12723,3.47078
-6.12322,5.70527
-6.11922,5.49469
-6.11522,2.03913
-6.11122,4.34966
-6.10722,2.53344
-6.10322,3.07625
-6.09922,3.06686
-6.09522,5.20403
-6.09122,2.64722
-6.08722,6.04856
-6.08322,5.79303
-6.07922,3.90321
-6.07522,3.33390
-6.07121,4.15527
-6.06721,3.52096
-6.06321,2.30412
-6.05921,1.78575
-6.05521,6.29473
-6.05121,5.73292
-6.04721,3.35732
-6.04321,2.84950
-6.03921,6.12146
-6.03521,2.88141
-6.03121,2.48128
-6.02721,2.69455
-6.02320,4.41974
-6.01920,1.95435
-6.01520,2.22918
-6.01120,5.64670
-6.00720,2.82754
-6.00320,5.72006
-5.99920,2.02950
-5.99520,4.90305
-5.99120,3.16362
-5.98720,3.43004
-5.98320,6.35989
-5.97920,1.97647
-5.97520,2.90357
-5.97119,5.80413
-5.96719,2.15336
-5.96319,4.93375
-5.95919,6.29390
-5.95519,3.93530
-5.95119,2.10956
-5.94719,2.32230
-5.94319,4.67146
-5.93919,4.09725
-5.93519,6.24792
-5.93119,5.11213
-5.92719,5.60672
-5.92318,3.13872
-5.91918,2.15982
-5.91518,6.17395
-5.91118,4.16410
-5.90718,3.65514
-5.90318,6.87141
-5.89918,4.27220
-5.89518,5.28708
-5.89118,4.96387
-5.88718,2.75375
-5.88318,5.66288
-5.87918,2.87328
-5.87518,4.16316
-5.87117,5.35942
-5.86717,3.48711
-5.86317,3.12696
-5.85917,2.94656
-5.85517,5.42688
-5.85117,2.89752
-5.84717,6.68953
-5.84317,4.49005
-5.83917,6.38561
-5.83517,5.44709
-5.83117,2.52428
-5.82717,7.03901
-5.82316,4.70166
-5.81916,2.57336
-5.81516,7.21952
-5.81116,5.51001
-5.80716,3.21166
-5.80316,4.31924
-5.79916,5.66091
-5.79516,4.51053
-5.79116,5.02894
-5.78716,6.58580
-5.78316,4.62698
-5.77916,5.64785
-5.77516,7.31432
-5.77115,4.59091
-5.76715,4.67352
-5.76315,2.61229
-5.75915,4.62186
-5.75515,7.12063
-5.75115,5.34176
-5.74715,5.66420
-5.74315,6.53291
-5.73915,3.43615
-5.73515,5.05281
-5.73115,3.28999
-5.72715,3.75679
-5.72314,4.89476
-5.71914,3.72110
-5.71514,7.00150
-5.71114,3.05194
-5.70714,4.04649
-5.70314,4.96123
-5.69914,3.41397
-5.69514,6.98135
-5.69114,3.89689
-5.68714,4.18709
-5.68314,3.02158
-5.67914,7.10007
-5.67514,3.28281
-5.67113,6.97794
-5.66713,3.98800
-5.66313,4.71156
-5.65913,4.90754
-5.65513,5.51117
-5.65113,5.57074
-5.64713,6.66889
-5.64313,3.73014
-5.63913,6.56950
-5.63513,2.91558
-5.63113,7.31072
-5.62713,5.68839
-5.62312,6.07181
-5.61912,6.03045
-5.61512,7.06409
-5.61112,6.38588
-5.60712,3.39312
-5.60312,3.02134
-5.59912,6.03980
-5.59512,4.42607
-5.59112,6.50495
-5.58712,4.28007
-5.58312,7.58108
-5.57912,7.11162
-5.57512,5.03743
-5.57111,3.55624
-5.56711,5.84717
-5.56311,3.80837
-5.55911,6.47162
-5.55511,5.05036
-5.55111,3.15046
-5.54711,5.09278
-5.54311,7.60760
-5.53911,3.85533
-5.53511,6.45387
-5.53111,6.51033
-5.52711,7.36834
-5.52310,7.16301
-5.51910,3.48878
-5.51510,4.62087
-5.51110,3.34257
-5.50710,3.41206
-5.50310,3.74466
-5.49910,3.11236
-5.49510,4.49583
-5.49110,3.60535
-5.48710,7.23976
-5.48310,8.11370
-5.47910,3.47018
-5.47510,5.88195
-5.47109,6.68780
-5.46709,5.48514
-5.46309,7.55601
-5.45909,6.20809
-5.45509,4.40442
-5.45109,5.17924
-5.44709,4.06596
-5.44309,5.01434
-5.43909,6.25894
-5.43509,5.01737
-5.43109,8.17639
-5.42709,7.70758
-5.42308,8.24355
-5.41908,7.83967
-5.41508,5.81940
-5.41108,4.18731
-5.40708,4.76248
-5.40308,6.69297
-5.39908,3.75367
-5.39508,7.72747
-5.39108,4.99109
-5.38708,7.17021
-5.38308,4.59517
-5.37908,5.62832
-5.37508,4.86653
-5.37107,7.05362
-5.36707,5.87961
-5.36307,3.77150
-5.35907,7.73356
-5.35507,7.84405
-5.35107,8.25291
-5.34707,6.95405
-5.34307,7.67849
-5.33907,4.45408
-5.33507,8.50161
-5.33107,8.48454
-5.32707,6.87521
-5.32306,5.44847
-5.31906,4.31024
-5.31506,5.09156
-5.31106,6.91722
-5.30706,5.09342
-5.30306,8.26750
-5.29906,7.62230
-5.29506,5.98872
-5.29106,7.44593
-5.28706,6.03011
-5.28306,5.47355
-5.27906,6.84976
-5.27506,8.57047
-5.27105,6.32805
-5.26705,4.00765
-5.26305,6.55358
-5.25905,3.96190
-5.25505,4.89424
-5.25105,4.29742
-5.24705,4.21720
-5.24305,7.58774
-5.23905,5.29012
-5.23505,4.71152
-5.23105,4.39741
-5.22705,6.89760
-5.22304,4.51692
-5.21904,5.76851
-5.21504,8.00005
-5.21104,7.74408
-5.20704,4.34568
-5.20304,5.01056
-5.19904,4.81562
-5.19504,8.23342
-5.19104,6.51147
-5.18704,5.80758
-5.18304,6.30693
-5.17904,8.07997
-5.17504,5.77727
-5.17103,6.48520
-5.16703,4.63216
-5.16303,8.89051
-5.15903,6.51869
-5.15503,8.89813
-5.15103,8.70051
-5.14703,7.17826
-5.14303,7.27661
-5.13903,6.41138
-5.13503,8.71274
-5.13103,5.79643
-5.12703,7.39065
-5.12302,5.87902
-5.11902,5.31655
-5.11502,6.86959
-5.11102,4.62646
-5.10702,7.11091
-5.10302,5.26756
-5.09902,7.23867
-5.09502,6.37180
-5.09102,5.05534
-5.08702,6.28666
-5.08302,6.25763
-5.07902,6.72804
-5.07502,7.89709
-5.07101,8.78509
-5.06701,7.69358
-5.06301,8.40125
-5.05901,4.51623
-5.05501,5.53448
-5.05101,7.45122
-5.04701,8.57760
-5.04301,5.25480
-5.03901,8.75144
-5.03501,8.27081
-5.03101,8.27510
-5.02701,5.26933
-5.02300,9.48980
-5.01900,6.80152
-5.01500,7.68293
-5.01100,9.53097
-5.00700,9.00333
-5.00300,5.11079
-4.99900,8.81095
-4.99500,9.65771
-4.99100,7.68748
-4.98700,8.25492
-4.98300,5.77353
-4.97900,7.31823
-4.97499,9.61814
-4.97099,6.23362
-4.96699,6.81298
-4.96299,7.14831
-4.95899,8.95428
-4.95499,7.44133
-4.95099,7.18970
-4.94699,6.46475
-4.94299,7.46193
-4.93899,8.44385
-4.93499,7.50489
-4.93099,8.24724
-4.92699,7.51789
-4.92298,7.21564
-4.91898,5.41576
-4.91498,8.01944
-4.91098,7.73002
-4.90698,8.55769
-4.90298,5.68537
-4.89898,6.92181
-4.89498,9.28301
-4.89098,9.53050
-4.88698,7.81811
-4.88298,8.06633
-4.87898,5.61264
-4.87497,9.31148
-4.87097,6.00208
-4.86697,7.78863
-4.86297,9.78625
-4.85897,8.17314
-4.85497,6.70721
-4.85097,6.60285
-4.84697,8.41155
-4.84297,5.69040
-4.83897,9.46775
-4.83497,10.32343
-4.83097,6.81738
-4.82697,8.55978
-4.82296,8.86421
-4.81896,6.39420
-4.81496,5.45715
-4.81096,6.73132
-4.80696,6.35530
-4.80296,6.91620
-4.79896,7.59096
-4.79496,8.28698
-4.79096,7.51058
-4.78696,8.77515
-4.78296,10.20439
-4.77896,8.52904
-4.77495,6.09261
-4.77095,8.01258
-4.76695,6.54341
-4.76295,10.08170
-4.75895,6.51014
-4.75495,6.95766
-4.75095,9.91991
-4.74695,8.42206
-4.74295,9.04741
-4.73895,8.93151
-4.73495,9.52545
-4.73095,7.59985
-4.72695,5.91445
-4.72294,9.19077
-4.71894,8.40927
-4.71494,9.96951
-4.71094,6.90804
-4.70694,6.40176
-4.70294,8.18476
-4.69894,9.01311
-4.69494,7.07973
-4.69094,9.05903
-4.68694,7.88207
-4.68294,9.40739
-4.67894,6.30791
-4.67493,8.55546
-4.67093,6.91740
-4.66693,7.97001
-4.66293,11.01699
-4.65893,7.96305
-4.65493,8.48598
-4.65093,7.20820
-4.64693,9.06283
-4.64293,6.95807
-4.63893,10.90515
-4.63493,8.29153
-4.63093,7.30870
-4.62693,10.27870
-4.62292,7.51964
-4.61892,6.45179
-4.61492,10.30282
-4.61092,9.93071
-4.60692,7.45304
-4.60292,10.86016
-4.59892,11.10240
-4.59492,7.99493
-4.59092,9.76995
-4.58692,9.30199
-4.58292,10.17088
-4.57892,10.38235
-4.57491,7.85745
-4.57091,7.18464
-4.56691,7.09225
-4.56291,9.23951
-4.55891,7.92812
-4.55491,9.36534
-4.55091,8.49723
-4.54691,8.57468
-4.54291,11.02808
-4.53891,7.69312
-4.53491,9.90871
-4.53091,7.94848
-4.52691,11.31296
-4.52290,10.48505
-4.51890,10.21459
-4.51490,7.85534
-4.51090,7.81555
-4.50690,7.01617
-4.50290,11.46884
-4.49890,7.48077
-4.49490,11.71881
-4.49090,7.75853
-4.48690,6.81917
-4.48290,10.59422
-4.47890,8.54658
-4.47489,7.54389
-4.47089,9.08162
-4.46689,11.14902
-4.46289,8.37688
-4.45889,10.16596
-4.45489,8.56687
-4.45089,11.62567
-4.44689,8.19188
-4.44289,11.62513
-4.43889,9.21478
-4.43489,10.37187
-4.43089,7.81448
-4.42689,8.96033
-4.42288,7.47569
-4.41888,9.53870
-4.41488,12.07621
-4.41088,9.88044
-4.40688,7.72476
-4.40288,9.49010
-4.39888,9.65052
-4.39488,7.68069
-4.39088,7.28932
-4.38688,10.43900
-4.38288,10.68135
-4.37888,11.30056
-4.37487,11.73691
-4.37087,8.38011
-4.36687,10.42812
-4.36287,9.12392
-4.35887,10.14453
-4.35487,10.99861
-4.35087,8.29380
-4.34687,11.39425
-4.34287,11.80611
-4.33887,11.68471
-4.33487,11.92025
-4.33087,8.96280
-4.32687,7.94536
-4.32286,9.29205
-4.31886,10.10816
-4.31486,12.22680
-4.31086,9.49075
-4.30686,12.49662
-4.30286,8.49096
-4.29886,12.15852
-4.29486,7.97341
-4.29086,7.91897
-4.28686,12.59515
-4.28286,10.69596
-4.27886,8.79954
-4.27485,11.16081
-4.27085,10.63388
-4.26685,11.28577
-4.26285,9.09114
-4.25885,10.73670
-4.25485,9.67981
-4.25085,10.07733
-4.24685,9.22737
-4.24285,7.94229
-4.23885,9.21542
-4.23485,9.94114
-4.23085,9.91321
-4.22685,10.75505
-4.22284,8.29500
-4.21884,12.76442
-4.21484,11.10050
-4.21084,10.54645
-4.20684,12.46357
-4.20284,12.42924
-4.19884,9.71477
-4.19484,11.12956
-4.19084,12.46928
-4.18684,8.14985
-4.18284,8.16631
-4.17884,8.63573
-4.17483,12.71671
-4.17083,8.76417
-4.16683,8.56604
-4.16283,9.75053
-4.15883,12.89660
-4.15483,9.45834
-4.15083,10.79818
-4.14683,9.71435
-4.14283,11.06262
-4.13883,13.23066
-4.13483,13.21011
-4.13083,10.22814
-4.12683,11.55665
-4.12282,8.68649
-4.11882,10.54574
-4.11482,12.11244
-4.11082,9.70036
-4.10682,11.88419
-4.10282,11.44447
-4.09882,9.79760
-4.09482,10.72373
-4.09082,13.20941
-4.08682,8.96357
-4.08282,10.07424
-4.07882,12.65440
-4.07481,8.73901
-4.07081,10.03825
-4.06681,9.87554
-4.06281,9.68997
-4.05881,10.37505
-4.05481,9.99391
-4.05081,9.05344
-4.04681,10.97551
-4.04281,12.07077
-4.03881,10.71493
-4.03481,11.46332
-4.03081,10.66054
-4.02681,10.64903
-4.02280,9.14056
-4.01880,12.34543
-4.01480,9.52769
-4.01080,11.70799
-4.00680,9.56064
-4.00280,9.67826
-3.99880,9.67130
-3.99480,13.40232
-3.99080,10.76863
-3.98680,11.63369
-3.98280,11.49158
-3.97880,12.33023
-3.97479,10.45144
-3.97079,10.97893
-3.96679,9.53711
-3.96279,12.82111
-3.95879,13.50025
-3.95479,9.43106
-3.95079,12.97320
-3.94679,10.83280
-3.94279,11.22298
-3.93879,13.50600
-3.93479,9.55930
-3.93079,10.49283
-3.92679,10.20654
-3.92278,10.92859
-3.91878,9.85541
-3.91478,11.39691
-3.91078,12.28445
-3.90678,12.07139
-3.90278,9.93898
-3.89878,13.56349
-3.89478,13.49965
-3.89078,9.97297
-3.88678,13.98452
-3.88278,13.48304
-3.87878,12.33621
-3.87477,11.82469
-3.87077,12.08511
-3.86677,13.14703
-3.86277,11.57596
-3.85877,12.36984
-3.85477,12.42352
-3.85077,12.14981
-3.84677,10.63508
-3.84277,10.14188
-3.83877,13.30895
-3.83477,11.25940
-3.83077,11.62835
-3.82677,10.38125
-3.82276,10.47067
-3.81876,12.37112
-3.81476,10.11048
-3.81076,11.92384
-3.80676,14.12998
-3.80276,10.53022
-3.79876,11.33592
-3.79476,12.02212
-3.79076,10.00563
-3.78676,11.71186
-3.78276,11.53703
-3.77876,12.80751
-3.77475,13.01906
-3.77075,13.61424
-3.76675,11.38474
-3.76275,14.08352
-3.75875,10.98544
-3.75475,10.82791
-3.75075,13.17368
-3.74675,11.84620
-3.74275,13.19844
-3.73875,13.78370
-3.73475,15.07536
-3.73075,14.31777
-3.72675,14.91184
-3.72274,14.75851
-3.71874,13.06381
-3.71474,10.42452
-3.71074,10.51431
-3.70674,12.49206
-3.70274,12.11791
-3.69874,12.69245
-3.69474,10.47942
-3.69074,14.81550
-3.68674,13.46955
-3.68274,13.79906
-3.67874,11.01427
-3.67473,14.63163
-3.67073,12.75028
-3.66673,11.95797
-3.66273,13.79170
-3.65873,12.91888
-3.65473,12.64607
-3.65073,13.35933
-3.64673,10.84275
-3.64273,14.21952
-3.63873,12.40358
-3.63473,15.58187
-3.63073,11.10692
-3.62673,15.14780
-3.62272,11.52468
-3.61872,13.13129
-3.61472,13.90686
-3.61072,15.22149
-3.60672,12.39255
-3.60272,11.27616
-3.59872,13.95627
-3.59472,12.27155
-3.59072,15.07101
-3.58672,14.13494
-3.58272,15.34589
-3.57872,12.53675
-3.57471,14.14769
-3.57071,15.62206
-3.56671,11.60565
-3.56271,15.14900
-3.55871,14.47768
-3.55471,15.07156
-3.55071,13.10628
-3.54671,14.56729
-3.54271,14.30779
-3.53871,12.27816
-3.53471,14.29222
-3.53071,11.44175
-3.52671,13.83858
-3.52270,15.65675
-3.51870,15.11583
-3.51470,14.77929
-3.51070,11.61944
-3.50670,11.63427
-3.50270,14.91493
-3.49870,11.56604
-3.49470,14.26534
-3.49070,11.74005
-3.48670,12.19579
-3.48270,13.54096
-3.47870,13.12084
-3.47469,13.66696
-3.47069,13.08192
-3.46669,11.74261
-3.46269,15.77216
-3.45869,12.21985
-3.45469,13.07391
-3.45069,12.10774
-3.44669,15.96889
-3.44269,11.77177
-3.43869,14.04746
-3.43469,12.09667
-3.43069,15.19641
-3.42669,13.13335
-3.42268,13.79389
-3.41868,13.29118
-3.41468,14.73137
-3.41068,14.19597
-3.40668,12.46540
-3.40268,15.88711
-3.39868,15.83480
-3.39468,15.41873
-3.39068,15.41648
-3.38668,16.38443
-3.38268,14.63552
-3.37868,12.90530
-3.37467,13.48023
-3.37067,16.53254
-3.36667,12.55854
-3.36267,11.82287
-3.35867,15.59602
-3.35467,15.53538
-3.35067,12.67702
-3.34667,11.85987
-3.34267,14.78532
-3.33867,12.01379
-3.33467,14.75905
-3.33067,14.48726
-3.32667,14.47925
-3.32266,15.96131
-3.31866,16.29408
-3.31466,16.71764
-3.31066,15.06108
-3.30666,13.69220
-3.30266,16.70534
-3.29866,15.64979
-3.29466,15.09618
-3.29066,14.90503
-3.28666,14.40665
-3.28266,16.74485
-3.27866,16.74199
-3.27465,16.39909
-3.27065,16.54743
-3.26665,16.86428
-3.26265,12.36486
-3.25865,12.63818
-3.25465,14.75332
-3.25065,13.61438
-3.24665,13.00612
-3.24265,13.50864
-3.23865,13.72612
-3.23465,15.19755
-3.23065,16.63557
-3.22665,16.29640
-3.22264,12.87051
-3.21864,16.81905
-3.21464,16.32219
-3.21064,13.38276
-3.20664,15.72472
-3.20264,15.57960
-3.19864,15.42645
-3.19464,13.85208
-3.19064,13.96604
-3.18664,13.47652
-3.18264,13.29660
-3.17864,12.98784
-3.17463,16.79165
-3.17063,13.50002
-3.16663,15.80020
-3.16263,13.12495
-3.15863,15.02889
-3.15463,15.56239
-3.15063,12.80548
-3.14663,16.27833
-3.14263,16.81104
-3.13863,14.81729
-3.13463,14.57250
-3.13063,16.74205
-3.12663,16.76381
-3.12262,15.47073
-3.11862,14.32816
-3.11462,13.90206
-3.11062,15.96618
-3.10662,17.49185
-3.10262,13.50717
-3.09862,15.74605
-3.09462,13.03786
-3.09062,14.45208
-3.08662,15.85121
-3.08262,17.48140
-3.07862,13.12435
-3.07461,13.18951
-3.07061,15.42172
-3.06661,13.17597
-3.06261,13.13881
-3.05861,17.55276
-3.05461,15.17154
-3.05061,13.52139
-3.04661,13.95291
-3.04261,13.79495
-3.03861,13.57757
-3.03461,17.46473
-3.03061,15.73401
-3.02661,14.90713
-3.02260,14.73150
-3.01860,17.47481
-3.01460,15.43339
-3.01060,17.98492
-3.00660,14.90756
-3.00260,18.13364
-2.99860,14.39570
-2.99460,15.62217
-2.99060,15.54639
-2.98660,17.77598
-2.98260,16.18809
-2.97860,14.73858
-2.97459,15.22323
-2.97059,13.79986
-2.96659,16.89463
-2.96259,15.55689
-2.95859,14.53582
-2.95459,16.61546
-2.95059,16.25156
-2.94659,16.85975
-2.94259,14.93716
-2.93859,14.70882
-2.93459,15.76830
-2.93059,14.85960
-2.92659,14.94304
-2.92258,15.26059
-2.91858,15.28122
-2.91458,14.34413
-2.91058,17.25180
-2.90658,14.48800
-2.90258,16.89789
-2.89858,14.30729
-2.89458,18.14046
-2.89058,16.24205
-2.88658,14.73006
-2.88258,14.45792
-2.87858,13.96180
-2.87457,18.03299
-2.87057,16.72802
-2.86657,17.59791
-2.86257,17.50606
-2.85857,16.50109
-2.85457,17.33808
-2.85057,14.14089
-2.84657,16.43241
-2.84257,14.70693
-2.83857,17.60127
-2.83457,16.76110
-2.83057,15.19547
-2.82657,16.83601
-2.82256,14.04144
-2.81856,17.43372
-2.81456,18.38206
-2.81056,14.83478
-2.80656,16.37870
-2.80256,16.68488
-2.79856,15.24752
-2.79456,17.69396
-2.79056,18.44621
-2.78656,15.52760
-2.78256,17.55082
-2.77856,16.96846
-2.77455,17.72741
-2.77055,17.89841
-2.76655,17.06035
-2.76255,14.20420
-2.75855,16.47949
-2.75455,16.90817
-2.75055,17.71782
-2.74655,14.84000
-2.74255,17.33556
-2.73855,18.62807
-2.73455,14.79205
-2.73055,17.71117
-2.72655,18.67763
-2.72254,14.80825
-2.71854,16.26396
-2.71454,18.60417
-2.71054,18.75090
-2.70654,18.35391
-2.70254,14.75805
-2.69854,18.88219
-2.69454,15.99683
-2.69054,16.93492
-2.68654,16.52578
-2.68254,14.87741
-2.67854,17.11582
-2.67453,17.50840
-2.67053,15.32769
-2.66653,18.01281
-2.66253,15.28966
-2.65853,17.82428
-2.65453,16.32624
-2.65053,14.82386
-2.64653,17.95303
-2.64253,16.26224
-2.63853,17.45256
-2.63453,15.66360
-2.63053,14.38408
-2.62653,16.37893
-2.62252,14.93698
-2.61852,16.77811
-2.61452,16.41032
-2.61052,16.67559
-2.60652,18.33999
-2.60252,16.37877
-2.59852,18.47872
-2.59452,16.86753
-2.59052,16.35930
-2.58652,15.67586
-2.58252,16.48235
-2.57852,16.20420
-2.57451,14.85663
-2.57051,17.24476
-2.56651,18.17610
-2.56251,14.90624
-2.55851,14.38426
-2.55451,17.61618
-2.55051,14.83502
-2.54651,17.65178
-2.54251,14.88911
-2.53851,18.04939
-2.53451,16.78191
-2.53051,16.61065
-2.52651,18.47120
-2.52250,16.48547
-2.51850,17.60021
-2.51450,15.13002
-2.51050,15.61265
-2.50650,16.54213
-2.50250,18.63487
-2.49850,19.22211
-2.49450,17.09724
-2.49050,16.47580
-2.48650,18.83309
-2.48250,15.25364
-2.47850,15.19413
-2.47449,17.16644
-2.47049,16.08304
-2.46649,16.46197
-2.46249,18.51951
-2.45849,18.41394
-2.45449,18.09279
-2.45049,19.23000
-2.44649,14.72418
-2.44249,14.81629
-2.43849,16.17110
-2.43449,16.21529
-2.43049,17.93800
-2.42649,19.49498
-2.42248,19.18009
-2.41848,15.00979
-2.41448,15.71704
-2.41048,14.85270
-2.40648,18.57109
-2.40248,17.04551
-2.39848,15.52187
-2.39448,19.22438
-2.39048,16.86211
-2.38648,18.21970
-2.38248,15.32604
-2.37848,15.64265
-2.37447,15.98886
-2.37047,16.05102
-2.36647,18.39741
-2.36247,17.17810
-2.35847,18.10042
-2.35447,17.04574
-2.35047,16.27629
-2.34647,17.66581
-2.34247,19.49224
-2.33847,15.77320
-2.33447,15.07661
-2.33047,18.22802
-2.32647,18.48236
-2.32246,19.15463
-2.31846,17.61171
-2.31446,18.67706
-2.31046,16.55287
-2.30646,17.53280
-2.30246,19.03834
-2.29846,17.49244
-2.29446,18.84495
-2.29046,15.03784
-2.28646,14.86364
-2.28246,16.70063
-2.27846,16.68904
-2.27445,16.17006
-2.27045,18.02587
-2.26645,18.91920
-2.26245,19.49268
-2.25845,16.41788
-2.25445,19.32630
-2.25045,16.95445
-2.24645,19.45798
-2.24245,16.60449
-2.23845,17.76352
-2.23445,15.85956
-2.23045,17.99453
-2.22645,17.86090
-2.22244,16.86623
-2.21844,19.05914
-2.21444,17.96248
-2.21044,15.21093
-2.20644,15.71394
-2.20244,18.63978
-2.19844,16.74624
-2.19444,16.25618
-2.19044,16.38592
-2.18644,18.62243
-2.18244,17.85731
-2.17844,18.87182
-2.17443,16.74419
-2.17043,19.63436
-2.16643,15.50255
-2.16243,15.19477
-2.15843,15.26530
-2.15443,15.59800
-2.15043,19.14786
-2.14643,17.82712
-2.14243,15.72308
-2.13843,19.56294
-2.13443,17.89292
-2.13043,17.88950
-2.12643,19.19058
-2.12242,17.98847
-2.11842,19.48653
-2.11442,16.77995
-2.11042,18.52074
-2.10642,18.70703
-2.10242,18.75095
-2.09842,15.19597
-2.09442,19.18750
-2.09042,18.63840
-2.08642,19.32954
-2.08242,18.63964
-2.07842,15.71959
-2.07441,16.20391
-2.07041,17.26510
-2.06641,17.37367
-2.06241,19.21366
-2.05841,15.65841
-2.05441,19.80102
-2.05041,19.69765
-2.04641,17.36123
-2.04241,16.32104
-2.03841,17.17883
-2.03441,15.82586
-2.03041,15.74197
-2.02641,16.89113
-2.02240,16.75532
-2.01840,17.14470
-2.01440,18.26579
-2.01040,18.44570
-2.00640,15.48793
-2.00240,17.87662
-1.99840,17.87536
-1.99440,16.35813
-1.99040,15.23257
-1.98640,19.76943
-1.98240,15.68273
-1.97840,15.98709
-1.97439,15.40513
-1.97039,18.92780
-1.96639,19.75839
-1.96239,16.82198
-1.95839,18.83197
-1.95439,15.78698
-1.95039,17.75494
-1.94639,15.57573
-1.94239,16.66052
-1.93839,14.96222
-1.93439,16.75501
-1.93039,15.42187
-1.92639,17.09454
-1.92238,16.81859
-1.91838,17.96466
-1.91438,17.78321
-1.91038,18.65493
-1.90638,15.48338
-1.90238,18.18147
-1.89838,18.93692
-1.89438,19.18426
-1.89038,18.32953
-1.88638,19.67887
-1.88238,15.56175
-1.87838,18.24696
-1.87437,15.09381
-1.87037,16.10903
-1.86637,17.70295
-1.86237,16.01334
-1.85837,18.87018
-1.85437,18.15565
-1.85037,19.51531
-1.84637,15.20641
-1.84237,16.38395
-1.83837,16.12076
-1.83437,15.23144
-1.83037,16.29860
-1.82637,17.64795
-1.82236,17.68382
-1.81836,18.90774
-1.81436,17.08335
-1.81036,19.34314
-1.80636,18.37703
-1.80236,17.71091
-1.79836,18.44256
-1.79436,17.35642
-1.79036,19.35885
-1.78636,15.04367
-1.78236,16.30835
-1.77836,17.70958
-1.77435,19.42853
-1.77035,19.16997
-1.76635,19.38488
-1.76235,15.41758
-1.75835,17.96041
-1.75435,15.33834
-1.75035,18.77783
-1.74635,16.97334
-1.74235,19.80177
-1.73835,19.19389
-1.73435,18.38315
-1.73035,15.16402
-1.72635,17.85064
-1.72234,18.32534
-1.71834,16.32699
-1.71434,16.00203
-1.71034,17.58302
-1.70634,14.95243
-1.70234,18.88955
-1.69834,16.11284
-1.69434,16.67103
-1.69034,16.42980
-1.68634,19.25666
-1.68234,15.73529
-1.67834,18.77445
-1.67433,17.64232
-1.67033,14.96315
-1.66633,19.51631
-1.66233,18.40210
-1.65833,19.21100
-1.65433,15.58277
-1.65033,15.38041
-1.64633,16.51125
-1.64233,17.99242
-1.63833,17.64207
-1.63433,17.27297
-1.63033,19.15091
-1.62633,14.94381
-1.62232,18.05348
-1.61832,19.33049
-1.61432,17.16830
-1.61032,17.77918
-1.60632,16.31691
-1.60232,17.95284
-1.59832,17.60278
-1.59432,16.19411
-1.59032,17.83114
-1.58632,17.54009
-1.58232,18.33871
-1.57832,16.80246
-1.57431,16.97764
-1.57031,15.38348
-1.56631,16.08020
-1.56231,14.70932
-1.55831,17.27934
-1.55431,17.63325
-1.55031,17.14533
-1.54631,17.03740
-1.54231,15.12695
-1.53831,19.41640
-1.53431,14.75405
-1.53031,19.35282
-1.52631,17.87070
-1.52230,17.38197
-1.51830,16.02814
-1.51430,17.77923
-1.51030,18.34322
-1.50630,17.85736
-1.50230,16.34050
-1.49830,16.03235
-1.49430,15.75597
-1.49030,18.82761
-1.48630,17.80776
-1.48230,16.79567
-1.47830,14.64684
-1.47429,17.41339
-1.47029,17.65644
-1.46629,14.54263
-1.46229,15.29703
-1.45829,18.70987
-1.45429,16.11967
-1.45029,15.17590
-1.44629,16.86707
-1.44229,16.45456
-1.43829,17.45395
-1.43429,18.99859
-1.43029,14.66401
-1.42629,19.09936
-1.42228,18.03588
-1.41828,16.42813
-1.41428,14.84387
-1.41028,16.71466
-1.40628,14.38411
-1.40228,19.14763
-1.39828,16.20569
-1.39428,14.73507
-1.39028,17.73058
-1.38628,15.07870
-1.38228,18.79526
-1.37828,14.96626
-1.37427,19.14614
-1.37027,16.52271
-1.36627,16.23283
-1.36227,16.54762
-1.35827,15.00325
-1.35427,15.10758
-1.35027,16.57495
-1.34627,14.68550
-1.34227,18.72922
-1.33827,14.57369
-1.33427,18.05165
-1.33027,18.98149
-1.32627,17.53615
-1.32226,17.46564
-1.31826,14.34789
-1.31426,18.25658
-1.31026,17.48354
-1.30626,16.52781
-1.30226,15.31322
-1.29826,15.15915
-1.29426,16.06059
-1.29026,14.11534
-1.28626,14.71562
-1.28226,18.30871
-1.27826,14.22218
-1.27425,18.44056
-1.27025,17.82638
-1.26625,14.66022
-1.26225,15.19742
-1.25825,18.79552
-1.25425,15.34515
-1.25025,15.76280
-1.24625,14.33982
-1.24225,16.02650
-1.23825,14.86500
-1.23425,17.67508
-1.23025,18.10039
-1.22625,16.93656
-1.22224,18.09449
-1.21824,16.07575
-1.21424,16.77821
-1.21024,17.44285
-1.20624,18.35514
-1.20224,16.90085
-1.19824,17.92804
-1.19424,16.66942
-1.19024,13.84107
-1.18624,16.78225
-1.18224,15.92964
-1.17824,17.25722
-1.17423,17.90930
-1.17023,15.33800
-1.16623,14.91237
-1.16223,15.42460
-1.15823,14.66489
-1.15423,18.59240
-1.15023,16.71910
-1.14623,15.05512
-1.14223,16.49658
-1.13823,17.99035
-1.13423,14.49593
-1.13023,17.21498
-1.12623,18.25650
-1.12222,15.96765
-1.11822,18.38399
-1.11422,14.29242
-1.11022,16.97901
-1.10622,14.69959
-1.10222,16.03907
-1.09822,15.27951
-1.09422,17.50894
-1.09022,16.61114
-1.08622,16.62140
-1.08222,16.45460
-1.07822,17.66009
-1.07421,13.86088
-1.07021,17.46544
-1.06621,14.74808
-1.06221,18.09961
-1.05821,16.26205
-1.05421,14.20511
-1.05021,13.88318
-1.04621,16.80260
-1.04221,14.65653
-1.03821,16.20191
-1.03421,18.16813
-1.03021,13.50870
-1.02621,15.53690
-1.02220,17.85908
-1.01820,15.35072
-1.01420,15.10422
-1.01020,15.51903
-1.00620,17.84154
-1.00220,17.54288
-0.99820,15.75214
-0.99420,17.13065
-0.99020,14.70950
-0.98620,17.41150
-0.98220,14.85546
-0.97820,15.55285
-0.97419,14.23110
-0.97019,16.36411
-0.96619,16.20172
-0.96219,16.46897
-0.95819,13.86528
-0.95419,15.76421
-0.95019,13.20249
-0.94619,17.29110
-0.94219,17.85833
-0.93819,16.68829
-0.93419,14.59140
-0.93019,14.87407
-0.92619,13.43485
-0.92218,16.11730
-0.91818,15.58373
-0.91418,14.02643
-0.91018,16.40781
-0.90618,15.90669
-0.90218,16.69011
-0.89818,14.52003
-0.89418,16.47340
-0.89018,14.76653
-0.88618,17.71238
-0.88218,17.31739
-0.87818,13.19282
-0.87417,15.86363
-0.87017,13.05650
-0.86617,15.06516
-0.86217,16.15281
-0.85817,15.49472
-0.85417,17.60824
-0.85017,16.08064
-0.84617,17.53884
-0.84217,17.16565
-0.83817,15.34033
-0.83417,14.93443
-0.83017,15.97738
-0.82617,13.73710
-0.82216,16.41418
-0.81816,16.39487
-0.81416,14.23304
-0.81016,13.73570
-0.80616,14.24131
-0.80216,14.22426
-0.79816,17.00429
-0.79416,14.49794
-0.79016,17.31758
-0.78616,13.25304
-0.78216,14.74259
-0.77816,17.22006
-0.77415,13.01971
-0.77015,15.91895
-0.76615,15.47160
-0.76215,16.09354
-0.75815,12.66334
-0.75415,12.55465
-0.75015,13.96446
-0.74615,14.46972
-0.74215,15.06432
-0.73815,12.63010
-0.73415,15.80114
-0.73015,14.61811
-0.72615,14.04965
-0.72214,15.39775
-0.71814,12.24297
-0.71414,15.21143
-0.71014,13.98408
-0.70614,12.18055
-0.70214,12.75701
-0.69814,14.21179
-0.69414,14.29228
-0.69014,13.22960
-0.68614,13.12344
-0.68214,15.55008
-0.67814,13.40920
-0.67413,16.55275
-0.67013,15.45728
-0.66613,15.22111
-0.66213,14.33402
-0.65813,16.27124
-0.65413,14.44119
-0.65013,13.36536
-0.64613,16.32194
-0.64213,15.26244
-0.63813,14.95762
-0.63413,12.16277
-0.63013,12.04772
-0.62613,14.38130
-0.62212,16.65188
-0.61812,16.40627
-0.61412,13.64619
-0.61012,15.02311
-0.60612,16.57159
-0.60212,12.67650
-0.59812,14.16681
-0.59412,13.82388
-0.59012,15.40396
-0.58612,12.37191
-0.58212,15.90518
-0.57812,11.74352
-0.57411,14.75649
-0.57011,12.33621
-0.56611,15.84659
-0.56211,16.30449
-0.55811,14.18602
-0.55411,16.26769
-0.55011,16.10269
-0.54611,14.51893
-0.54211,14.11626
-0.53811,13.60507
-0.53411,14.75110
-0.53011,12.35302
-0.52611,12.89903
-0.52210,11.73086
-0.51810,15.50724
-0.51410,14.96914
-0.51010,14.01730
-0.50610,15.93290
-0.50210,11.94054
-0.49810,15.10444
-0.49410,11.76338
-0.49010,14.30102
-0.48610,13.31604
-0.48210,13.31367
-0.47810,13.51337
-0.47409,12.31972
-0.47009,13.21873
-0.46609,11.23290
-0.46209,12.77368
-0.45809,12.61016
-0.45409,15.98634
-0.45009,14.61060
-0.44609,14.55516
-0.44209,14.36855
-0.43809,15.69062
-0.43409,14.83758
-0.43009,12.60194
-0.42609,15.69267
-0.42208,13.21914
-0.41808,11.09744
-0.41408,11.02946
-0.41008,13.19098
-0.40608,13.77599
-0.40208,14.94379
-0.39808,13.74798
-0.39408,12.75498
-0.39008,15.14823
-0.38608,15.79029
-0.38208,11.37940
-0.37808,13.93180
-0.37407,14.20705
-0.37007,11.24654
-0.36607,12.71627
-0.36207,12.42510
-0.35807,14.73046
-0.35407,13.43261
-0.35007,12.91136
-0.34607,14.76985
-0.34207,15.34828
-0.33807,12.12164
-0.33407,11.20251
-0.33007,13.27148
-0.32607,13.39192
-0.32206,12.67043
-0.31806,13.70405
-0.31406,12.64106
-0.31006,12.67820
-0.30606,14.66303
-0.30206,10.76255
-0.29806,13.74036
-0.29406,10.91331
-0.29006,10.42080
-0.28606,10.83527
-0.28206,12.28299
-0.27806,10.91422
-0.27405,13.31148
-0.27005,10.32608
-0.26605,12.76113
-0.26205,12.27558
-0.25805,11.95049
-0.25405,13.91535
-0.25005,11.80488
-0.24605,10.76192
-0.24205,10.21793
-0.23805,12.34196
-0.23405,11.19872
-0.23005,13.96248
-0.22605,13.90769
-0.22204,11.38841
-0.21804,14.60776
-0.21404,13.14513
-0.21004,13.66814
-0.20604,13.76997
-0.20204,10.27380
-0.19804,12.42411
-0.19404,12.95804
-0.19004,11.26746
-0.18604,14.24750
-0.18204,10.79447
-0.17804,10.49963
-0.17403,13.60136
-0.17003,13.53518
-0.16603,11.31520
-0.16203,13.15056
-0.15803,11.12566
-0.15403,10.56471
-0.15003,11.14952
-0.14603,14.02609
-0.14203,14.15063
-0.13803,12.07260
-0.13403,13.54165
-0.13003,11.69009
-0.12603,13.94083
-0.12202,11.73567
-0.11802,11.47155
-0.11402,10.69744
-0.11002,13.00642
-0.10602,11.98318
-0.10202,12.44248
-0.09802,11.80347
-0.09402,11.37688
-0.09002,12.66422
-0.08602,14.00459
-0.08202,10.31564
-0.07802,12.89085
-0.07401,10.63798
-0.07001,13.17547
-0.06601,11.55780
-0.06201,10.42223
-0.05801,12.57205
-0.05401,9.93028
-0.05001,11.34912
-0.04601,12.25683
-0.04201,12.62905
-0.03801,10.22466
-0.03401,12.65533
-0.03001,10.33493
-0.02601,12.62449
-0.02200,9.76558
-0.01800,10.58858
-0.01400,14.05459
-0.01000,13.09639
-0.00600,10.62608
-0.00200,10.86559
0.00200,12.38558
0.00600,11.79319
0.01000,11.24880
0.01400,12.36615
0.01800,12.30963
0.02200,13.96690
0.02601,13.34593
0.03001,10.49589
0.03401,10.03429
0.03801,12.86185
0.04201,9.68968
0.04601,10.19942
0.05001,10.73789
0.05401,10.47122
0.05801,9.00811
0.06201,9.78823
0.06601,9.03996
0.07001,10.85278
0.07401,10.09280
0.07802,11.20751
0.08202,12.81505
0.08602,9.95326
0.09002,13.40419
0.09402,9.98876
0.09802,10.33239
0.10202,12.44846
0.10602,12.82340
0.11002,9.18668
0.11402,13.18607
0.11802,13.33234
0.12202,13.08242
0.12603,9.41721
0.13003,12.89473
0.13403,10.40848
0.13803,8.94498
0.14203,12.88522
0.14603,13.39101
0.15003,11.15927
0.15403,8.89794
0.15803,10.52210
0.16203,11.72402
0.16603,11.34454
0.17003,11.45184
0.17403,10.63528
0.17804,11.37414
0.18204,8.93925
0.18604,10.42460
0.19004,9.04385
0.19404,9.32414
0.19804,9.32678
0.20204,10.01987
0.20604,12.50264
0.21004,11.95040
0.21404,10.12543
0.21804,8.54258
0.22204,12.13745
0.22605,9.03897
0.23005,8.39206
0.23405,9.80557
0.23805,12.00679
0.24205,12.76563
0.24605,8.82625
0.25005,11.52261
0.25405,8.97901
0.25805,8.96314
0.26205,10.56856
0.26605,8.92467
0.27005,12.15088
0.27405,10.72409
0.27806,10.21368
0.28206,12.60587
0.28606,8.08322
0.29006,11.54803
0.29406,9.85319
0.29806,9.15276
0.30206,9.35590
0.30606,10.54786
0.31006,9.19563
0.31406,11.56265
0.31806,10.20841
0.32206,8.36205
0.32607,8.67891
0.33007,9.98921
0.33407,9.08025
0.33807,11.67680
0.34207,9.34452
0.34607,7.57160
0.35007,11.85516
0.35407,10.14918
0.35807,9.80037
0.36207,7.56420
0.36607,11.40885
0.37007,9.05347
0.37407,11.59567
0.37808,11.54454
0.38208,8.73799
0.38608,8.94866
0.39008,9.57735
0.39408,7.82308
0.39808,10.79535
0.40208,11.97749
0.40608,7.58339
0.41008,11.87270
0.41408,8.07511
0.41808,7.45709
0.42208,10.57014
0.42609,10.33386
0.43009,9.35244
0.43409,9.48496
0.43809,10.76712
0.44209,8.09972
0.44609,11.30787
0.45009,9.97658
0.45409,10.64467
0.45809,10.69685
0.46209,7.75413
0.46609,10.07070
0.47009,9.89758
0.47409,11.18025
0.47810,8.47069
0.48210,10.05988
0.48610,10.00109
0.49010,9.90656
0.49410,9.84806
0.49810,8.69312
0.50210,8.18477
0.50610,7.24703
0.51010,10.91658
0.51410,7.65107
0.51810,11.48462
0.52210,9.71381
0.52611,10.23378
0.53011,9.00073
0.53411,11.60612
0.53811,8.90564
0.54211,8.69399
0.54611,11.15681
0.55011,8.52774
0.55411,8.90352
0.55811,11.60818
0.56211,11.49002
0.56611,7.83378
0.57011,8.71298
0.57411,10.56534
0.57812,8.40626
0.58212,7.04774
0.58612,6.92796
0.59012,8.48934
0.59412,10.93426
0.59812,9.83083
0.60212,10.35216
0.60612,10.19626
0.61012,8.55002
0.61412,9.58247
0.61812,11.10250
0.62212,8.57027
0.62613,6.94346
0.63013,9.08819
0.63413,9.13783
0.63813,6.87985
0.64213,8.42370
0.64613,8.06257
0.65013,11.02006
0.65413,8.11070
0.65813,9.52713
0.66213,8.57767
0.66613,7.37364
0.67013,7.58388
0.67413,9.36936
0.67814,9.24241
0.68214,10.20448
0.68614,8.75189
0.69014,7.25637
0.69414,10.92344
0.69814,7.59057
0.70214,9.58747
0.70614,8.67091
0.71014,6.25299
0.71414,8.82789
0.71814,10.09029
0.72214,8.52829
0.72615,7.48992
0.73015,8.01576
0.73415,8.00995
0.73815,8.23458
0.74215,10.35973
0.74615,7.23016
0.75015,9.04923
0.75415,9.62902
0.75815,6.61518
0.76215,9.20506
0.76615,6.20701
0.77015,8.64042
0.77415,8.94241
0.77816,6.38323
0.78216,9.26397
0.78616,9.41849
0.79016,10.20607
0.79416,7.48758
0.79816,5.68847
0.80216,7.98486
0.80616,5.92856
0.81016,6.66947
0.81416,9.64595
0.81816,7.34489
0.82216,6.27947
0.82617,9.30996
0.83017,9.24493
0.83417,8.44250
0.83817,10.33725
0.84217,5.52454
0.84617,6.29063
0.85017,8.24965
0.85417,7.02104
0.85817,5.43217
0.86217,9.65085
0.86617,8.83612
0.87017,7.28087
0.87417,10.34951
0.87818,8.58076
0.88218,6.04926
0.88618,10.30670
0.89018,9.63404
0.89418,7.33571
0.89818,7.30027
0.90218,9.57622
0.90618,8.16099
0.91018,7.46996
0.91418,8.39815
0.91818,8.72312
0.92218,9.69049
0.92619,5.32048
0.93019,6.77882
0.93419,9.74609
0.93819,7.67918
0.94219,5.56374
0.94619,9.59491
0.95019,6.62296
0.95419,9.18093
0.95819,5.67908
0.96219,5.26099
0.96619,6.35259
0.97019,8.23176
0.97419,7.03248
0.97820,9.49844
0.98220,8.47337
0.98620,9.87143
0.99020,5.18927
0.99420,6.05642
0.99820,5.19342
1.00220,6.91012
1.00620,8.84635
1.01020,5.69150
1.01420,6.86277
1.01820,8.22277
1.02220,7.80455
1.02621,7.19855
1.03021,5.83326
1.03421,6.20471
1.03821,6.10839
1.04221,9.61303
1.04621,6.24437
1.05021,7.07223
1.05421,9.05718
1.05821,5.63245
1.06221,9.11176
1.06621,8.74123
1.07021,4.75556
1.07421,5.63106
1.07822,7.43761
1.08222,7.36847
1.08622,9.03145
1.09022,6.29761
1.09422,9.12377
1.09822,9.07366
1.10222,8.01877
1.10622,6.72941
1.11022,7.40908
1.11422,4.90317
1.11822,5.72492
1.12222,8.01152
1.12623,4.61495
1.13023,6.75435
1.13423,7.36997
1.13823,5.28696
1.14223,8.16762
1.14623,8.13857
1.15023,4.59047
1.15423,8.31199
1.15823,8.77943
1.16223,5.30896
1.16623,6.27805
1.17023,8.83293
1.17423,8.35009
1.17824,5.14343
1.18224,7.67933
1.18624,6.85763
1.19024,8.71982
1.19424,5.87461
1.19824,7.15990
1.20224,5.37502
1.20624,4.22178
1.21024,5.33556
1.21424,5.72467
1.21824,5.94257
1.22224,5.87127
1.22625,8.15337
1.23025,4.47450
1.23425,7.87399
1.23825,8.11170
1.24225,6.12317
1.24625,6.34406
1.25025,7.59097
1.25425,4.41484
1.25825,7.75846
1.26225,8.56677
1.26625,4.50242
1.27025,4.88665
1.27425,4.04604
1.27826,7.10792
1.28226,5.75135
1.28626,4.03096
1.29026,6.93069
1.29426,5.05690
1.29826,5.20283
1.30226,5.93807
1.30626,6.40106
1.31026,6.03185
1.31426,6.36979
1.31826,6.81831
1.32226,3.89396
1.32627,5.93301
1.33027,8.23193
1.33427,8.39564
1.33827,6.10387
1.34227,4.64628
1.34627,8.24912
1.35027,3.82055
1.35427,4.44552
1.35827,7.59089
1.36227,7.17793
1.36627,4.52256
1.37027,4.16004
1.37427,6.08911
1.37828,3.74625
1.38228,7.96261
1.38628,8.07515
1.39028,7.25469
1.39428,4.52155
1.39828,7.64188
1.40228,5.40463
1.40628,8.46620
1.41028,4.04328
1.41428,4.60703
1.41828,5.94427
1.42228,7.23084
1.42629,6.35039
1.43029,3.54904
1.43429,5.46030
1.43829,3.50658
1.44229,6.80863
1.44629,3.68933
1.45029,7.08261
1.45429,5.15616
1.45829,6.64222
1.46229,7.85822
1.46629,8.08960
1.47029,5.12646
1.47429,5.77098
1.47830,7.49474
1.48230,6.49753
1.48630,6.12275
1.49030,3.88213
1.49430,7.58681
1.49830,5.27984
1.50230,7.16942
1.50630,7.52365
1.51030,5.15286
1.51430,6.81770
1.51830,5.50301
1.52230,6.29364
1.52631,6.09827
1.53031,4.19793
1.53431,4.60561
1.53831,6.44322
1.54231,5.55084
1.54631,3.51389
1.55031,3.47947
1.55431,6.50150
1.55831,5.70863
1.56231,4.70514
1.56631,6.06135
1.57031,6.98609
1.57431,6.38889
1.57832,3.88122
1.58232,6.34221
1.58632,4.15785
1.59032,5.49060
1.59432,4.16410
1.59832,5.92937
1.60232,3.55347
1.60632,6.16393
1.61032,5.55079
1.61432,5.27671
1.61832,4.77277
1.62232,3.50992
1.62633,7.29609
1.63033,3.94710
1.63433,7.12100
1.63833,7.80598
1.64233,7.55174
1.64633,6.54898
1.65033,7.40923
1.65433,5.17905
1.65833,4.05199
1.66233,7.68320
1.66633,5.36458
1.67033,3.96185
1.67433,4.31579
1.67834,7.16747
1.68234,4.07407
1.68634,5.33584
1.69034,5.37593
1.69434,3.03878
1.69834,6.70998
1.70234,6.11771
1.70634,3.60278
1.71034,5.02721
1.71434,7.07728
1.71834,3.78051
1.72234,5.02201
1.72635,2.83023
1.73035,4.62474
1.73435,4.84161
1.73835,6.80452
1.74235,5.46000
1.74635,6.45125
1.75035,3.26306
1.75435,5.04375
1.75835,3.05081
1.76235,5.33724
1.76635,4.32651
1.77035,7.51778
1.77435,5.67808
1.77836,2.60210
1.78236,6.53860
1.78636,4.94748
1.79036,5.35528
1.79436,3.71606
1.79836,4.47307
1.80236,7.02786
1.80636,5.24273
1.81036,4.22974
1.81436,3.63075
1.81836,5.03174
1.82236,2.56433
1.82637,6.57258
1.83037,7.22960
1.83437,4.08344
1.83837,6.58028
1.84237,7.14819
1.84637,2.96462
1.85037,3.68825
1.85437,6.64776
1.85837,3.77780
1.86237,4.87089
1.86637,4.44952
1.87037,5.16191
1.87437,4.41283
1.87838,2.73353
1.88238,3.94248
1.88638,4.12704
1.89038,5.08279
1.89438,7.12130
1.89838,4.96047
1.90238,3.95394
1.90638,5.73838
1.91038,3.82107
1.91438,6.83375
1.91838,5.88806
1.92238,6.87934
1.92639,4.18032
1.93039,3.38584
1.93439,4.57196
1.93839,3.69734
1.94239,6.03987
1.94639,3.14505
1.95039,3.37204
1.95439,3.99997
1.95839,2.77589
1.96239,2.27408
1.96639,4.38769
1.97039,3.82997
1.97439,5.53527
1.97840,2.99755
1.98240,6.09079
1.98640,4.67400
1.99040,6.55704
1.99440,4.05072
1.99840,3.55824
2.00240,5.13700
2.00640,4.98705
2.01040,3.10038
2.01440,4.92681
2.01840,2.66177
2.02240,3.90588
2.02641,5.72128
2.03041,5.79303
2.03441,4.79276
2.03841,3.21809
2.04241,4.90129
2.04641,4.72887
2.05041,4.15297
2.05441,3.71333
2.05841,3.90433
2.06241,4.85461
2.06641,2.43171
2.07041,6.86717
2.07441,5.08539
2.07842,2.01848
2.08242,6.02522
2.08642,6.54508
2.09042,3.81845
2.09442,6.07351
2.09842,3.09781
2.10242,5.12853
2.10642,3.36332
2.11042,6.43543
2.11442,2.52891
2.11842,3.97696
2.12242,2.53784
2.12643,2.55358
2.13043,5.58845
2.13443,6.32281
2.13843,6.23017
2.14243,6.51169
2.14643,2.26012
2.15043,5.33799
2.15443,1.90015
2.15843,1.95277
2.16243,2.39634
2.16643,2.13749
2.17043,2.08555
2.17443,5.11493
2.17844,4.54898
2.18244,5.77723
2.18644,5.07289
2.19044,5.44205
2.19444,5.46057
2.19844,5.65358
2.20244,2.19116
2.20644,2.41897
2.21044,6.35011
2.21444,2.25954
2.21844,6.40056
2.22244,5.58583
2.22645,3.17366
2.23045,1.98168
2.23445,4.09086
2.23845,2.05596
2.24245,6.63815
2.24645,6.15855
2.25045,2.31963
2.25445,2.90442
2.25845,1.81432
2.26245,1.62069
2.26645,5.38686
2.27045,3.06793
2.27445,6.39216
2.27846,4.10972
2.28246,4.43472
2.28646,2.04710
2.29046,6.44232
2.29446,3.63334
2.29846,3.53740
2.30246,2.64621
2.30646,2.79734
2.31046,2.75620
2.31446,4.30354
2.31846,4.53828
2.32246,5.22217
2.32647,4.93614
2.33047,3.59870
2.33447,5.86957
2.33847,1.89987
2.34247,6.41433
2.34647,6.32579
2.35047,6.36544
2.35447,3.69046
2.35847,2.38873
2.36247,5.44956
2.36647,2.61973
2.37047,6.01822
2.37447,4.87745
2.37848,6.39509
2.38248,4.03564
2.38648,4.61456
2.39048,5.21534
2.39448,2.02981
2.39848,2.74647
2.40248,5.83565
2.40648,3.19016
2.41048,4.81487
2.41448,1.59573
2.41848,2.25608
2.42248,6.08323
2.42649,6.24332
2.43049,1.74604
2.43449,1.97933
2.43849,4.28034
2.44249,2.08107
2.44649,1.35405
2.45049,3.98549
2.45449,3.01925
2.45849,2.80925
2.46249,5.89534
2.46649,2.39120
2.47049,4.22342
2.47449,1.35147
2.47850,3.33236
2.48250,3.53988
2.48650,2.72143
2.49050,4.40133
2.49450,3.87980
2.49850,4.75775
2.50250,2.01130
2.50650,6.25286
2.51050,3.82312
2.51450,5.76350
2.51850,1.50280
2.52250,1.97161
2.52651,4.04611
2.53051,5.88048
2.53451,4.20166
2.53851,3.98837
2.54251,3.58923
2.54651,5.67213
2.55051,4.41435
2.55451,2.98002
2.55851,5.54773
2.56251,2.63619
2.56651,4.93241
2.57051,5.90120
2.57451,4.08767
2.57852,1.93041
2.58252,4.32542
2.58652,4.28465
2.59052,5.28992
2.59452,4.99411
2.59852,1.81206
2.60252,3.78885
2.60652,2.97726
2.61052,3.43771
2.61452,5.68136
2.61852,3.65150
2.62252,5.03011
2.62653,4.27318
2.63053,3.86147
2.63453,1.84465
2.63853,5.87755
2.64253,4.01329
2.64653,1.76969
2.65053,5.24230
2.65453,2.30460
2.65853,5.34154
2.66253,1.59661
2.66653,2.16424
2.67053,1.45840
2.67453,3.11684
2.67854,2.92505
2.68254,4.29489
2.68654,1.68696
2.69054,2.09331
2.69454,1.92567
2.69854,2.99651
2.70254,1.32991
2.70654,5.52995
2.71054,2.54257
2.71454,5.02200
2.71854,2.32976
2.72254,4.96012
2.72655,5.45048
2.73055,2.85544
2.73455,4.47048
2.73855,3.16456
2.74255,5.69584
2.74655,4.82588
2.75055,3.82062
2.75455,4.49820
2.75855,2.36923
2.76255,2.40813
2.76655,5.52586
2.77055,4.50339
2.77455,3.41161
2.77856,2.68997
2.78256,3.32808
2.78656,4.00613
2.79056,1.10291
2.79456,5.48286
2.79856,2.99295
2.80256,3.69788
2.80656,1.91776
2.81056,5.24834
2.81456,4.53220
2.81856,4.05262
2.82256,4.58943
2.82657,4.19346
2.83057,3.09992
2.83457,1.82998
2.83857,2.19433
2.84257,5.49245
2.84657,1.77695
2.85057,3.58172
2.85457,5.31079
2.85857,3.94842
2.86257,3.17765
2.86657,1.46618
2.87057,4.52320
2.87457,2.82375
2.87858,4.01164
2.88258,3.88115
2.88658,4.83551
2.89058,5.51320
2.89458,4.70371
2.89858,5.27703
2.90258,4.40049
2.90658,0.98725
2.91058,4.08442
2.91458,1.52857
2.91858,3.20504
2.92258,1.38636
2.92659,4.01124
2.93059,4.32174
2.93459,2.81119
2.93859,4.05685
2.94259,5.24052
2.94659,3.60159
2.95059,2.07175
2.95459,2.79141
2.95859,1.24349
2.96259,0.89900
2.96659,4.54036
2.97059,1.28036
2.97459,4.11844
2.97860,4.69369
2.98260,5.27815
2.98660,3.36989
2.99060,1.30771
2.99460,2.37400
2.99860,5.68469
3.00260,5.65891
3.00660,1.82576
3.01060,3.77831
3.01460,5.46143
3.01860,2.85192
3.02260,2.98665
3.02661,3.31086
3.03061,3.38660
3.03461,1.39350
3.03861,2.55606
3.04261,1.05642
3.04661,4.71484
3.05061,3.53043
3.05461,1.62358
3.05861,4.96663
3.06261,0.80736
3.06661,1.07465
3.07061,1.34194
3.07461,2.85198
3.07862,4.72254
3.08262,2.40477
3.08662,2.53689
3.09062,2.40003
3.09462,2.02544
3.09862,4.50338
3.10262,3.85180
3.10662,1.48937
3.11062,2.78419
3.11462,5.54366
3.11862,0.86041
3.12262,1.26360
3.12663,4.11252
3.13063,3.15613
3.13463,2.55393
3.13863,4.83981
3.14263,1.18734
3.14663,3.91907
3.15063,2.36039
3.15463,0.77853
3.15863,4.45100
3.16263,1.76127
3.16663,5.38323
3.17063,4.55422
3.17463,2.69786
3.17864,2.56105
3.18264,2.79667
3.18664,3.54668
3.19064,4.63728
3.19464,4.40922
3.19864,3.40328
3.20264,4.08082
3.20664,3.66935
3.21064,0.99430
3.21464,2.46384
3.21864,3.58414
3.22264,3.21594
3.22665,2.25090
3.23065,5.27945
3.23465,3.00201
3.23865,2.04507
3.24265,2.71927
3.24665,3.35599
3.25065,3.82681
3.25465,1.12456
3.25865,0.84834
3.26265,2.89603
3.26665,3.80307
3.27065,2.42165
3.27465,2.97727
3.27866,1.96236
3.28266,4.76238
3.28666,2.46418
3.29066,2.66930
3.29466,2.09873
3.29866,0.62333
3.30266,4.30028
3.30666,5.20032
3.31066,4.12672
3.31466,1.66541
3.31866,2.27259
3.32266,3.09809
3.32667,0.86062
3.33067,5.28436
3.33467,1.59245
3.33867,2.20505
3.34267,0.82335
3.34667,3.79015
3.35067,1.49911
3.35467,1.15422
3.35867,1.10490
3.36267,3.30626
3.36667,2.38048
3.37067,4.58768
3.37467,2.59137
3.37868,1.19490
3.38268,0.54278
3.38668,4.87940
3.39068,1.80272
3.39468,4.28630
3.39868,1.59574
3.40268,5.12033
3.40668,1.08910
3.41068,2.00411
3.41468,1.92196
3.41868,2.17913
3.42268,2.25330
3.42669,2.09661
3.43069,0.94568
3.43469,5.40560
3.43869,5.38369
3.44269,5.39004
3.44669,4.88234
3.45069,5.17004
3.45469,3.19102
3.45869,4.75220
3.46269,5.20455
3.46669,3.87220
3.47069,3.95791
3.47469,3.70645
3.47870,1.75715
3.48270,2.55148
3.48670,3.29782
3.49070,2.12480
3.49470,5.24054
3.49870,5.17370
3.50270,0.71649
3.50670,4.05556
3.51070,2.55148
3.51470,1.56915
3.51870,0.97854
3.52270,3.63283
3.52671,2.80778
3.53071,4.54435
3.53471,2.14407
3.53871,4.58247
3.54271,2.63421
3.54671,3.89322
3.55071,0.72414
3.55471,3.10089
3.55871,0.52024
3.56271,2.70599
3.56671,2.67894
3.57071,1.90984
3.57471,3.94693
3.57872,4.40725
3.58272,4.05491
3.58672,4.99408
3.59072,1.60526
3.59472,4.36134
3.59872,0.61997
3.60272,0.68662
3.60672,3.44645
3.61072,4.06336
3.61472,2.93316
3.61872,2.85897
3.62272,0.85011
3.62673,3.20560
3.63073,3.20402
3.63473,2.32362
3.63873,5.37976
3.64273,5.19325
3.64673,0.50971
3.65073,3.89325
3.65473,0.88355
3.65873,2.75972
3.66273,3.14863
3.66673,0.77915
3.67073,3.42226
3.67473,0.39612
3.67874,5.27568
3.68274,4.52044
3.68674,5.17492
3.69074,5.07770
3.69474,5.08813
3.69874,1.10245
3.70274,3.29693
3.70674,2.32408
3.71074,2.42442
3.71474,2.35862
3.71874,2.44802
3.72274,4.04071
3.72675,3.62471
3.73075,0.90235
3.73475,4.34810
3.73875,2.27881
3.74275,2.32794
3.74675,4.00422
3.75075,3.32529
3.75475,4.93940
3.75875,1.88057
3.76275,0.86035
3.76675,2.45455
3.77075,0.86105
3.77475,4.70170
3.77876,4.73974
3.78276,4.61999
3.78676,5.32467
3.79076,1.85997
3.79476,1.67956
3.79876,3.85639
3.80276,3.02725
3.80676,0.41391
3.81076,4.90963
3.81476,2.60163
3.81876,1.22979
3.82276,3.03722
3.82677,3.21125
3.83077,4.77138
3.83477,4.88894
3.83877,2.82922
3.84277,4.01467
3.84677,5.31774
3.85077,5.08972
3.85477,4.82582
3.85877,5.19485
3.86277,2.83051
3.86677,2.58729
3.87077,3.59295
3.87477,4.81062
3.87878,2.85403
3.88278,2.39272
3.88678,2.92074
3.89078,3.67156
3.89478,1.02798
3.89878,1.60598
3.90278,0.45345
3.90678,3.26520
3.91078,0.80899
3.91478,2.60810
3.91878,3.24886
3.92278,2.54569
3.92679,0.47676
3.93079,0.59601
3.93479,5.20857
3.93879,0.56203
3.94279,2.35355
3.94679,2.54167
3.95079,1.53346
3.95479,1.57192
3.95879,4.06680
3.96279,1.53363
3.96679,2.79797
3.97079,5.08993
3.97479,2.13647
3.97880,4.44081
3.98280,5.18223
3.98680,3.78220
3.99080,1.22698
3.99480,3.48754
3.99880,3.34364
4.00280,3.58983
4.00680,0.74833
4.01080,1.63626
4.01480,0.34316
4.01880,4.91182
4.02280,4.55754
4.02681,1.01114
4.03081,2.64748
4.03481,2.72310
4.03881,3.31789
4.04281,2.40968
4.04681,2.82542
4.05081,0.49590
4.05481,1.50007
4.05881,1.85096
4.06281,1.67260
4.06681,0.46004
4.07081,2.17565
4.07481,1.79909
4.07882,3.80318
4.08282,0.33477
4.08682,1.88832
4.09082,4.31949
4.09482,4.63776
4.09882,4.30198
4.10282,1.16356
4.10682,3.16292
4.11082,3.95327
4.11482,4.35896
4.11882,2.11417
4.12282,4.73589
4.12683,0.70447
4.13083,4.18858
4.13483,2.43533
4.13883,3.67165
4.14283,4.81932
4.14683,4.13945
4.15083,0.69964
4.15483,2.06869
4.15883,2.26646
4.16283,2.35999
4.16683,0.27927
4.17083,1.86268
4.17483,2.85938
4.17884,3.40314
4.18284,0.42976
4.18684,3.82958
4.19084,1.83186
4.19484,0.33175
4.19884,3.34461
4.20284,2.31127
4.20684,1.58971
4.21084,2.09581
4.21484,1.68321
4.21884,0.54942
4.22284,4.34035
4.22685,4.76440
4.23085,4.89632
4.23485,2.90028
4.23885,4.33824
4.24285,4.16633
4.24685,4.91101
4.25085,4.65766
4.25485,2.29191
4.25885,2.18182
4.26285,0.99860
4.26685,3.11547
4.27085,2.28917
4.27485,1.98215
4.27886,3.95686
4.28286,4.90101
4.28686,0.78270
4.29086,4.41226
4.29486,3.88952
4.29886,2.75732
4.30286,3.35134
4.30686,5.11243
4.31086,2.07959
4.31486,3.58912
4.31886,3.05628
4.32286,4.57697
4.32687,1.62805
4.33087,1.85064
4.33487,2.21444
4.33887,3.45190
4.34287,4.01872
4.34687,4.09561
4.35087,2.57253
4.35487,5.06855
4.35887,1.80086
4.36287,1.07987
4.36687,4.80572
4.37087,2.26445
4.37487,0.24970
4.37888,2.18399
4.38288,1.77292
4.38688,3.84046
4.39088,4.39058
4.39488,2.81031
4.39888,4.03592
4.40288,1.06952
4.40688,0.32117
4.41088,3.69164
4.41488,2.42075
4.41888,4.96036
4.42288,1.97816
4.42689,3.79155
4.43089,5.17528
4.43489,0.75400
4.43889,0.80295
4.44289,3.12874
4.44689,5.15626
4.45089,1.65613
4.45489,2.69980
4.45889,3.76298
4.46289,1.91980
4.46689,1.20290
4.47089,4.23269
4.47489,4.05561
4.47890,4.22215
4.48290,4.79803
4.48690,2.16508
4.49090,1.20415
4.49490,5.19061
4.49890,3.93151
4.50290,0.89017
4.50690,0.26695
4.51090,0.23485
4.51490,0.53061
4.51890,1.09942
4.52290,3.51731
4.52691,0.95835
4.53091,3.53101
4.53491,4.27720
4.53891,4.16924
4.54291,2.08206
4.54691,0.54590
4.55091,1.23459
4.55491,5.10014
4.55891,3.05371
4.56291,5.02769
4.56691,3.83987
4.57091,3.75481
4.57491,1.20102
4.57892,3.63632
4.58292,1.42358
4.58692,4.40549
4.59092,0.26974
4.59492,3.26519
4.59892,2.81565
4.60292,1.73401
4.60692,2.75978
4.61092,2.32368
4.61492,2.78227
4.61892,2.06843
4.62292,3.10726
4.62693,1.19884
4.63093,4.40913
4.63493,4.27213
4.63893,1.19076
4.64293,3.85132
4.64693,2.74625
4.65093,1.71043
4.65493,0.45087
4.65893,0.36119
4.66293,2.16727
4.66693,4.70867
4.67093,3.98072
4.67493,2.71761
4.67894,1.46421
4.68294,4.38168
4.68694,1.10794
4.69094,1.49545
4.69494,2.01776
4.69894,4.63210
4.70294,0.23331
4.70694,2.17547
4.71094,3.15082
4.71494,3.47715
4.71894,2.45331
4.72294,3.70840
4.72695,4.82900
4.73095,3.46771
4.73495,3.13051
4.73895,1.56880
4.74295,1.31391
4.74695,3.49298
4.75095,5.04735
4.75495,0.32169
4.75895,0.41376
4.76295,0.93432
4.76695,4.17041
4.77095,3.92135
4.77495,1.42140
4.77896,1.45386
4.78296,4.05152
4.78696,3.01188
4.79096,4.98575
4.79496,3.24621
4.79896,1.32508
4.80296,3.63726
4.80696,0.63609
4.81096,3.71979
4.81496,3.88381
4.81896,5.02646
4.82296,4.71571
4.82697,2.66034
4.83097,2.60651
4.83497,3.87627
4.83897,3.27116
4.84297,3.03977
4.84697,3.16081
4.85097,0.71911
4.85497,4.97221
4.85897,3.70154
4.86297,4.65281
4.86697,2.20210
4.87097,2.29868
4.87497,4.34623
4.87898,4.61902
4.88298,2.62651
4.88698,4.75488
4.89098,0.84185
4.89498,3.46314
4.89898,1.89135
4.90298,3.64879
4.90698,1.50335
4.91098,4.54537
4.91498,2.36000
4.91898,2.19056
4.92298,0.92319
4.92699,0.72723
4.93099,2.04577
4.93499,4.64936
4.93899,0.55409
4.94299,3.77855
4.94699,4.56286
4.95099,2.98018
4.95499,3.58139
4.95899,2.46961
4.96299,0.59182
4.96699,3.58994
4.97099,4.75752
4.97499,5.12841
4.97900,5.12505
4.98300,1.39849
4.98700,1.19159
4.99100,3.35068
4.99500,4.86650
4.99900,5.12120
5.00300,4.52845
5.00700,1.17034
5.01100,0.43765
5.01500,1.05953
5.01900,0.85047
5.02300,1.34801
5.02701,0.99370
5.03101,4.28964
5.03501,4.70913
5.03901,4.19619
5.04301,4.40271
5.04701,4.21439
5.05101,3.38922
5.05501,0.44071
5.05901,1.20606
5.06301,4.13371
5.06701,0.83045
5.07101,3.01835
5.07502,4.35050
5.07902,0.73534
5.08302,3.75735
5.08702,1.01415
5.09102,4.31325
5.09502,4.23205
5.09902,2.03421
5.10302,1.73204
5.10702,4.68444
5.11102,1.84346
5.11502,0.82415
5.11902,1.12992
5.12302,0.39582
5.12703,1.54340
5.13103,1.38697
5.13503,4.98318
5.13903,1.62365
5.14303,4.58291
5.14703,2.12524
5.15103,3.85963
5.15503,2.04637
5.15903,2.21325
5.16303,4.73821
5.16703,4.17905
5.17103,2.57120
5.17504,2.67462
5.17904,1.01135
5.18304,4.98830
5.18704,4.84528
5.19104,1.34622
5.19504,4.99443
5.19904,2.13272
5.20304,4.11646
5.20704,3.25969
5.21104,4.79450
5.21504,4.28156
5.21904,2.75863
5.22304,3.64988
5.22705,2.29376
5.23105,1.20480
5.23505,2.22704
5.23905,4.86980
5.24305,4.93758
5.24705,4.85475
5.25105,0.40968
5.25505,3.62181
5.25905,0.29048
5.26305,0.44292
5.26705,2.10249
5.27105,1.50695
5.27506,0.67386
5.27906,3.45118
5.28306,0.43942
5.28706,3.58773
5.29106,0.78650
5.29506,4.44088
5.29906,4.96553
5.30306,4.96375
5.30706,2.68047
5.31106,1.16222
5.31506,1.98806
5.31906,1.62959
5.32306,1.22506
5.32707,0.44822
5.33107,4.42556
5.33507,1.40387
5.33907,1.38343
5.34307,4.86467
5.34707,4.81215
5.35107,3.46039
5.35507,4.29780
5.35907,4.07741
5.36307,5.04766
5.36707,0.51705
5.37107,4.95740
5.37508,4.51425
5.37908,1.72140
5.38308,0.93787
5.38708,0.97206
5.39108,3.05653
5.39508,4.00230
5.39908,3.63554
5.40308,1.49507
5.40708,4.29824
5.41108,2.80472
5.41508,2.24783
5.41908,2.95407
5.42308,4.86337
5.42709,3.92056
5.43109,4.99007
5.43509,2.46289
5.43909,3.95735
5.44309,1.81832
5.44709,1.93101
5.45109,1.54567
5.45509,2.53213
5.45909,0.48555
5.46309,1.07000
5.46709,3.86572
5.47109,4.06316
5.47510,4.90434
5.47910,2.69231
5.48310,4.32192
5.48710,1.49439
5.49110,5.13354
5.49510,5.02719
5.49910,0.27557
5.50310,2.71869
5.50710,4.86370
5.51110,3.67983
5.51510,4.47163
5.51910,0.47008
5.52310,1.08630
5.52711,0.81703
5.53111,0.51543
5.53511,2.34494
5.53911,3.56332
5.54311,4.59960
5.54711,1.77810
5.55111,4.62286
5.55511,1.22165
5.55911,0.51940
5.56311,2.87337
5.56711,4.91171
5.57111,1.05278
5.57512,0.39862
5.57912,0.29749
5.58312,3.77033
5.58712,1.39304
5.59112,1.23955
5.59512,2.71671
5.59912,0.39718
5.60312,3.17829
5.60712,3.49494
5.61112,4.37900
5.61512,2.55447
5.61912,4.30771
5.62312,3.19755
5.62713,5.04283
5.63113,3.24017
5.63513,4.18169
5.63913,1.82552
5.64313,1.52835
5.64713,2.25603
5.65113,3.62491
5.65513,4.65421
5.65913,4.85624
5.66313,4.76316
5.66713,2.24588
5.67113,4.26952
5.67514,2.90975
5.67914,3.17016
5.68314,4.59486
5.68714,4.46586
5.69114,2.82964
5.69514,2.43049
5.69914,0.23712
5.70314,2.54712
5.70714,4.97592
5.71114,4.23166
5.71514,1.19539
5.71914,4.35471
5.72314,0.46990
5.72715,4.67650
5.73115,4.43552
5.73515,4.76788
5.73915,2.45963
5.74315,1.15814
5.74715,4.06779
5.75115,1.58948
5.75515,2.31089
5.75915,2.85913
5.76315,3.43705
5.76715,2.25230
5.77115,1.53067
5.77516,2.13940
5.77916,1.57968
5.78316,1.48582
5.78716,2.19580
5.79116,1.06120
5.79516,3.82915
5.79916,4.35021
5.80316,0.64284
5.80716,4.30186
5.81116,2.63757
5.81516,1.80682
5.81916,4.48268
5.82316,3.48022
5.82717,1.92311
5.83117,1.82032
5.83517,4.49466
5.83917,2.45804
5.84317,4.97056
5.84717,0.70770
5.85117,2.96817
5.85517,1.81382
5.85917,2.52541
5.86317,1.12260
5.86717,4.62984
5.87117,1.97050
5.87518,3.03181
5.87918,1.80880
5.88318,0.18996
5.88718,1.72661
5.89118,4.24705
5.89518,1.57913
5.89918,4.52304
5.90318,5.05198
5.90718,4.84336
5.91118,0.50735
5.91518,1.32619
5.91918,4.08053
5.92318,3.79989
5.92719,3.10427
5.93119,4.82029
5.93519,4.05586
5.93919,3.60699
5.94319,3.48571
5.94719,0.74632
5.95119,2.66587
5.95519,3.30301
5.95919,2.98845
5.96319,4.49520
5.96719,3.16950
5.97119,3.86826
5.97520,1.35326
5.97920,3.62193
5.98320,4.97211
5.98720,2.35708
5.99120,1.69254
5.99520,3.18414
5.99920,5.03751
6.00320,2.31606
6.00720,2.81951
6.01120,2.28663
6.01520,3.29794
6.01920,2.82928
6.02320,0.65781
6.02721,0.97061
6.03121,2.19398
6.03521,1.36063
6.03921,4.62445
6.04321,2.42299
6.04721,2.04428
6.05121,1.94913
6.05521,2.01879
6.05921,0.67136
6.06321,2.60546
6.06721,2.19199
6.07121,5.07908
6.07522,3.87276
6.07922,2.05513
6.08322,1.78460
6.08722,1.46184
6.09122,4.81671
6.09522,3.89620
6.09922,0.59933
6.10322,4.32242
6.10722,1.73703
6.11122,5.18582
6.11522,2.69982
6.11922,1.87458
6.12322,1.11016
6.12723,2.56256
6.13123,1.64278
6.13523,2.64127
6.13923,1.22847
6.14323,4.38301
6.14723,4.06996
6.15123,0.25583
6.15523,0.80390
6.15923,0.20592
6.16323,1.43303
6.16723,1.02225
6.17123,3.55973
6.17524,3.81609
6.17924,5.08728
6.18324,4.17114
6.18724,2.70176
6.19124,1.15285
6.19524,3.06637
6.19924,3.08767
6.20324,0.76586
6.20724,2.40886
6.21124,1.76858
6.21524,1.01723
6.21924,2.24156
6.22324,1.00304
6.22725,4.32889
6.23125,2.42264
6.23525,0.68627
6.23925,5.17621
6.24325,0.42084
6.24725,2.95464
6.25125,3.29758
6.25525,4.74499
6.25925,5.17115
6.26325,5.14404
6.26725,4.95724
6.27125,4.13468
6.27526,0.74133
6.27926,3.52362
6.28326,2.92355
6.28726,3.35731
6.29126,4.07573
6.29526,3.65093
6.29926,4.69167
6.30326,0.32840
6.30726,3.17591
6.31126,3.55388
6.31526,0.30871
6.31926,2.84738
6.32326,3.14046
6.32727,5.00214
6.33127,4.19733
6.33527,0.47649
6.33927,1.62581
6.34327,3.11590
6.34727,3.81451
6.35127,0.28379
6.35527,5.06164
6.35927,3.88568
6.36327,2.84784
6.36727,4.23992
6.37127,2.34208
6.37528,3.12149
6.37928,1.11572
6.38328,1.27641
6.38728,3.24752
6.39128,2.55459
6.39528,0.23332
6.39928,3.68308
6.40328,0.87213
6.40728,1.46932
6.41128,2.72023
6.41528,4.25369
6.41928,3.95211
6.42328,1.34672
6.42729,1.77710
6.43129,2.31092
6.43529,0.39427
6.43929,5.07191
6.44329,3.63544
6.44729,2.92265
6.45129,2.63212
6.45529,4.50258
6.45929,5.08341
6.46329,1.20113
6.46729,1.02869
6.47129,0.82350
6.47530,1.57588
6.47930,5.09595
6.48330,0.59524
6.48730,2.39399
6.49130,1.87991
6.49530,1.27648
6.49930,3.01921
6.50330,1.61700
6.50730,3.64355
6.51130,0.55753
6.51530,0.36657
6.51930,4.82920
6.52330,4.65713
6.52731,2.91753
6.53131,0.45944
6.53531,4.44083
6.53931,3.65761
6.54331,2.47493
6.54731,4.43954
6.55131,2.54443
6.55531,3.19282
6.55931,3.23438
6.56331,2.90779
6.56731,0.90177
6.57131,1.40168
6.57532,2.34304
6.57932,3.50174
6.58332,3.30068
6.58732,0.97663
6.59132,1.22788
6.59532,1.63748
6.59932,5.14800
6.60332,4.16658
6.60732,4.65604
6.61132,0.89115
6.61532,1.46674
6.61932,3.77080
6.62332,2.15778
6.62733,3.30745
6.63133,0.97327
6.63533,3.57642
6.63933,3.48798
6.64333,0.37854
6.64733,3.42043
6.65133,4.03795
6.65533,3.18540
6.65933,0.53470
6.66333,1.38097
6.66733,3.24138
6.67133,4.95836
6.67534,4.91720
6.67934,5.17853
6.68334,4.37919
6.68734,1.70391
6.69134,2.62272
6.69534,1.09160
6.69934,1.53973
6.70334,3.73457
6.70734,3.19340
6.71134,4.89441
6.71534,1.96810
6.71934,1.57690
6.72334,1.90961
6.72735,0.44680
6.73135,2.16726
6.73535,4.74027
6.73935,0.50693
6.74335,0.41067
6.74735,2.48255
6.75135,0.37937
6.75535,3.58903
6.75935,0.88428
6.76335,0.36833
6.76735,3.29542
6.77135,4.67856
6.77536,4.58016
6.77936,3.60879
6.78336,5.01597
6.78736,3.78116
6.79136,4.92579
6.79536,3.07058
6.79936,4.31630
6.80336,2.88338
6.80736,1.74875
6.81136,1.71036
6.81536,1.76869
6.81936,4.29120
6.82336,4.16562
6.82737,3.90728
6.83137,1.94384
6.83537,1.43381
6.83937,3.23142
6.84337,3.42522
6.84737,0.50824
6.85137,4.49951
6.85537,0.90971
6.85937,3.13284
6.86337,0.44514
6.86737,4.82837
6.87137,2.35299
6.87538,1.62969
6.87938,3.86228
6.88338,2.73504
6.88738,2.26923
6.89138,3.95617
6.89538,1.17581
6.89938,1.46997
6.90338,4.50436
6.90738,1.74661
6.91138,0.40422
6.91538,3.41405
6.91938,4.05543
6.92338,0.82377
6.92739,0.56951
6.93139,2.23239
6.93539,2.18473
6.93939,0.82363
6.94339,3.67979
6.94739,0.59479
6.95139,3.91370
6.95539,4.09818
6.95939,5.08715
6.96339,1.51836
6.96739,2.33029
6.97139,1.06597
6.97540,3.97846
6.97940,0.42201
6.98340,2.01263
6.98740,1.11018
6.99140,0.34599
6.99540,2.20963
6.99940,5.12609
7.00340,5.19880
7.00740,1.46704
7.01140,4.42094
7.01540,0.77081
7.01940,2.40870
7.02340,1.39130
7.02741,1.81077
7.03141,0.89583
7.03541,3.49114
7.03941,0.35175
7.04341,1.92752
7.04741,0.36857
7.05141,3.01691
7.05541,2.19262
7.05941,2.05770
7.06341,3.21213
7.06741,4.86689
7.07141,2.05656
7.07542,3.84987
7.07942,0.61136
7.08342,2.52063
7.08742,2.10462
7.09142,1.53579
7.09542,3.55534
7.09942,0.65694
7.10342,3.81048
7.10742,5.11757
7.11142,3.15747
7.11542,4.88832
7.11942,2.92145
7.12342,5.09174
7.12743,0.55606
7.13143,1.42527
7.13543,5.20032
7.13943,2.63589
7.14343,2.60999
7.14743,2.85830
7.15143,5.21296
7.15543,3.37470
7.15943,3.36603
7.16343,3.82928
7.16743,0.65112
7.17143,1.42139
7.17544,4.31969
7.17944,0.54896
7.18344,1.08300
7.18744,1.31381
7.19144,4.61836
7.19544,3.42179
7.19944,1.75334
7.20344,2.64099
7.20744,2.93681
7.21144,2.80779
7.21544,4.58665
7.21944,4.32451
7.22344,4.11956
7.22745,0.54836
7.23145,4.36750
7.23545,2.15498
7.23945,1.05449
7.24345,2.76942
7.24745,3.48654
7.25145,2.66582
7.25545,3.16568
7.25945,4.69412
7.26345,2.02474
7.26745,1.66531
7.27145,4.27242
7.27546,3.08358
7.27946,3.09666
7.28346,4.29804
7.28746,1.45368
7.29146,1.02344
7.29546,3.99776
7.29946,3.36207
7.30346,3.37602
7.30746,4.79007
7.31146,1.60945
7.31546,2.92728
7.31946,4.88918
7.32346,4.93432
7.32747,1.25954
7.33147,1.16600
7.33547,3.14297
7.33947,0.99012
7.34347,4.69902
7.34747,2.56874
7.35147,1.57279
7.35547,3.77681
7.35947,1.49164
7.36347,3.43501
7.36747,3.48348
7.37147,2.87948
7.37548,3.49146
7.37948,2.12717
7.38348,3.24757
7.38748,4.50700
7.39148,0.48260
7.39548,3.58191
7.39948,5.19428
7.40348,3.35514
7.40748,2.13395
7.41148,3.34558
7.41548,2.86026
7.41948,3.05662
7.42348,3.30026
7.42749,4.64312
7.43149,4.16462
7.43549,3.52345
7.43949,0.98072
7.44349,5.11095
7.44749,4.80420
7.45149,0.76286
7.45549,2.21043
7.45949,4.54182
7.46349,3.58669
7.46749,2.20848
7.47149,0.78193
7.47550,5.08820
7.47950,1.03791
7.48350,4.60752
7.48750,0.41138
7.49150,5.11416
7.49550,0.77122
7.49950,2.85870
7.50350,0.27614
7.50750,3.04978
7.51150,4.67076
7.51550,2.42758
7.51950,3.02933
7.52350,1.78168
7.52751,1.79451
7.53151,0.98435
7.53551,4.96327
7.53951,4.84666
7.54351,3.52033
7.54751,1.17453
7.55151,3.56487
7.55551,4.08091
7.55951,1.78582
7.56351,1.27087
7.56751,4.29392
7.57151,2.76297
7.57552,3.15744
7.57952,3.44670
7.58352,0.29104
7.58752,4.49674
7.59152,2.88830
7.59552,2.98263
7.59952,5.04932
7.60352,1.71295
7.60752,2.34737
7.61152,1.33824
7.61552,3.51002
7.61952,4.42464
7.62352,5.19640
7.62753,2.16129
7.63153,2.27234
7.63553,1.51542
7.63953,0.75067
7.64353,3.40385
7.64753,2.05874
7.65153,1.14577
7.65553,2.57577
7.65953,2.83637
7.66353,1.86066
7.66753,4.98459
7.67153,2.01888
7.67554,1.75308
7.67954,4.78802
7.68354,2.34772
7.68754,3.67583
7.69154,4.14142
7.69554,2.98839
7.69954,3.27590
7.70354,2.61786
7.70754,1.56268
7.71154,2.33220
7.71554,1.61704
7.71954,2.46176
7.72354,3.38772
7.72755,3.85696
7.73155,0.32777
7.73555,0.65223
7.73955,0.75491
7.74355,4.61505
7.74755,4.90028
7.75155,1.25778
7.75555,2.58836
7.75955,1.73891
7.76355,0.50633
7.76755,4.11376
7.77155,5.13620
7.77556,3.67177
7.77956,2.65979
7.78356,4.03047
7.78756,4.12207
7.79156,3.05011
7.79556,1.35287
7.79956,2.64251
7.80356,4.09187
7.80756,2.41836
7.81156,3.97695
7.81556,2.51596
7.81956,4.01563
7.82356,1.19483
7.82757,3.14760
7.83157,1.37514
7.83557,4.26051
7.83957,0.28437
7.84357,4.45053
7.84757,1.00031
7.85157,3.14575
7.85557,2.75289
7.85957,0.60396
7.86357,2.16493
7.86757,1.61801
7.87157,4.70006
7.87558,4.99372
7.87958,2.99884
7.88358,1.78538
7.88758,2.33760
7.89158,1.72095
7.89558,2.72389
7.89958,0.85994
7.90358,1.46117
7.90758,1.63886
7.91158,3.45479
7.91558,4.06598
7.91958,4.43644
7.92358,3.61828
7.92759,0.39515
7.93159,3.37482
7.93559,4.92461
7.93959,3.24561
7.94359,3.29195
7.94759,2.54035
7.95159,0.36298
7.95559,4.24444
7.95959,3.95830
7.96359,1.14682
7.96759,3.40730
7.97159,3.57809
7.97560,1.19143
7.97960,5.08028
7.98360,1.76337
7.98760,0.79259
7.99160,4.64191
7.99560,4.01616
7.99960,1.26642
8.00360,4.38201
8.00760,3.49870
8.01160,4.17206
8.01560,3.27818
8.01960,2.99899
8.02360,2.43369
8.02761,2.49838
8.03161,0.66061
8.03561,3.99693
8.03961,2.97739
8.04361,4.37068
8.04761,0.89463
8.05161,4.58069
8.05561,3.47341
8.05961,4.22061
8.06361,0.79686
8.06761,0.60290
8.07161,2.60357
8.07562,2.42504
8.07962,1.06291
8.08362,4.86487
8.08762,1.28548
8.09162,4.34102
8.09562,3.49068
8.09962,3.79180
8.10362,5.05726
8.10762,3.62571
8.11162,5.14141
8.11562,5.06459
8.11962,1.22402
8.12362,2.51480
8.12763,3.61670
8.13163,2.81320
8.13563,4.37007
8.13963,3.27339
8.14363,2.08024
8.14763,1.63345
8.15163,0.70754
8.15563,2.73377
8.15963,4.01621
8.16363,2.18642
8.16763,4.13022
8.17163,3.77630
8.17564,1.69886
8.17964,4.47596
8.18364,4.43167
8.18764,2.07398
8.19164,4.70557
8.19564,4.82415
8.19964,1.03430
8.20364,4.65458
8.20764,2.23581
8.21164,2.21365
8.21564,2.99320
8.21964,4.98535
8.22364,0.89494
8.22765,2.21200
8.23165,4.95409
8.23565,2.04277
8.23965,5.02517
8.24365,4.44271
8.24765,3.59963
8.25165,5.18567
8.25565,3.99547
8.25965,3.65307
8.26365,4.51703
8.26765,3.38978
8.27165,4.63858
8.27566,2.68153
8.27966,3.93983
8.28366,2.65150
8.28766,0.88392
8.29166,4.15207
8.29566,2.86258
8.29966,1.24810
8.30366,1.64382
8.30766,2.12361
8.31166,0.89680
8.31566,2.41413
8.31966,0.75256
8.32366,1.08884
8.32767,3.29992
8.33167,2.12521
8.33567,2.60668
8.33967,2.12685
8.34367,1.92322
8.34767,1.30294
8.35167,0.92889
8.35567,1.80228
8.35967,2.75315
8.36367,2.94425
8.36767,5.06335
8.37167,2.38111
8.37568,1.74646
8.37968,0.60457
8.38368,2.40573
8.38768,0.51104
8.39168,2.77627
8.39568,4.89765
8.39968,0.89538
8.40368,4.03987
8.40768,4.21942
8.41168,0.86627
8.41568,3.74190
8.41968,3.09862
8.42368,0.57844
8.42769,2.49291
8.43169,1.95736
8.43569,3.84671
8.43969,4.61659
8.44369,0.54939
8.44769,5.23476
8.45169,4.84835
8.45569,5.10940
8.45969,4.91281
8.46369,0.50756
8.46769,3.45192
8.47169,0.75421
8.47570,2.49561
8.47970,2.09469
8.48370,3.33710
8.48770,3.62892
8.49170,4.93461
8.49570,4.73682
8.49970,3.03776
8.50370,2.72951
8.50770,0.37644
8.51170,1.20878
8.51570,0.51399
8.51970,3.34660
8.52370,1.64778
8.52771,2.18322
8.53171,4.64971
8.53571,0.31357
8.53971,1.93945
8.54371,4.48297
8.54771,2.78857
8.55171,2.93435
8.55571,1.08159
8.55971,1.70832
8.56371,3.56292
8.56771,0.31340
8.57171,1.60663
8.57572,3.34249
8.57972,4.22419
8.58372,0.60069
8.58772,2.60083
8.59172,1.90319
8.59572,1.43899
8.59972,1.89218
8.60372,2.66975
8.60772,4.22662
8.61172,0.92024
8.61572,4.62647
8.61972,4.36278
8.62372,5.13132
8.62773,4.76495
8.63173,3.56872
8.63573,0.99485
8.63973,3.02900
8.64373,2.94683
8.64773,3.75456
8.65173,4.45223
8.65573,1.00663
8.65973,1.86384
8.66373,3.41845
8.66773,4.73908
8.67173,2.46470
8.67574,0.45338
8.67974,0.30626
8.68374,5.03031
8.68774,5.03897
8.69174,1.02014
8.69574,3.28931
8.69974,3.15713
8.70374,3.26682
8.70774,5.24115
8.71174,3.18759
8.71574,2.72518
8.71974,1.77194
8.72374,4.43548
8.72775,3.21721
8.73175,2.96091
8.73575,4.75456
8.73975,4.39651
8.74375,4.24642
8.74775,3.26333
8.75175,2.92610
8.75575,2.56157
8.75975,2.05665
8.76375,2.36964
8.76775,0.28685
8.77175,0.38436
8.77576,3.03122
8.77976,3.56744
8.78376,0.47667
8.78776,0.96005
8.79176,0.52407
8.79576,3.26888
8.79976,2.47114
8.80376,2.02542
8.80776,0.46969
8.81176,1.36863
8.81576,1.21497
8.81976,1.64892
8.82376,4.56315
8.82777,2.91262
8.83177,0.88728
8.83577,4.55995
8.83977,4.16193
8.84377,0.76089
8.84777,3.51423
8.85177,3.01502
8.85577,3.30531
8.85977,2.92458
8.86377,3.72987
8.86777,2.50447
8.87177,2.20837
8.87578,3.37877
8.87978,3.63278
8.88378,3.70747
8.88778,1.71442
8.89178,2.84848
8.89578,5.22474
8.89978,3.24774
8.90378,1.02098
8.90778,1.13589
8.91178,2.95844
8.91578,2.84392
8.91978,2.37287
8.92378,1.56225
8.92779,1.78805
8.93179,4.95086
8.93579,3.92750
8.93979,2.01494
8.94379,4.55587
8.94779,1.67284
8.95179,1.73686
8.95579,2.51743
8.95979,2.49871
8.96379,4.82425
8.96779,4.97232
8.97179,2.61160
8.97580,1.41289
8.97980,0.58443
8.98380,3.52588
8.98780,2.23028
8.99180,1.08858
8.99580,4.08669
8.99980,0.84324
9.00380,0.99035
9.00780,2.14116
9.01180,4.58669
9.01580,2.37132
9.01980,3.26227
9.02380,5.20578
9.02781,3.02990
9.03181,4.78687
9.03581,2.50396
9.03981,3.49143
9.04381,0.99748
9.04781,1.05053
9.05181,0.82058
9.05581,2.60708
9.05981,1.31437
9.06381,1.10282
9.06781,3.90184
9.07181,1.38558
9.07582,0.38057
9.07982,0.90904
9.08382,4.61302
9.08782,3.38228
9.09182,5.09276
9.09582,2.39595
9.09982,1.17842
9.10382,1.35073
9.10782,4.81578
9.11182,4.35614
9.11582,2.84049
9.11982,0.48870
9.12382,2.36063
9.12783,0.43471
9.13183,1.10852
9.13583,4.66257
9.13983,3.86478
9.14383,4.99116
9.14783,2.59868
9.15183,2.27475
9.15583,3.20217
9.15983,3.00122
9.16383,1.63280
9.16783,0.96489
9.17183,0.67300
9.17584,4.55815
9.17984,4.08460
9.18384,2.98119
9.18784,3.18848
9.19184,1.78252
9.19584,1.26163
9.19984,1.53520
9.20384,3.95688
9.20784,4.73204
9.21184,2.04298
9.21584,0.72839
9.21984,1.50416
9.22384,5.14082
9.22785,3.17323
9.23185,1.22246
9.23585,2.87163
9.23985,3.98845
9.24385,2.60313
9.24785,3.47628
9.25185,2.80855
9.25585,4.38244
9.25985,1.14782
9.26385,1.41643
9.26785,0.47482
9.27185,0.84170
9.27586,2.62288
9.27986,1.16664
9.28386,0.54405
9.28786,4.16973
9.29186,4.21216
9.29586,0.31509
9.29986,2.34357
9.30386,2.74656
9.30786,0.79286
9.31186,4.66528
9.31586,3.79269
9.31986,2.55338
9.32386,1.95244
9.32787,2.79553
9.33187,5.26273
9.33587,3.83533
9.33987,2.11052
9.34387,3.62281
9.34787,4.10658
9.35187,2.36883
9.35587,3.95841
9.35987,2.53435
9.36387,3.04769
9.36787,2.23086
9.37187,4.93491
9.37588,3.58252
9.37988,1.08068
9.38388,4.47223
9.38788,2.77730
9.39188,5.19789
9.39588,0.67467
9.39988,1.12107
9.40388,0.93770
9.40788,2.88721
9.41188,1.71282
9.41588,4.05345
9.41988,1.58623
9.42388,3.51746
9.42789,4.13406
9.43189,1.98723
9.43589,4.97673
9.43989,3.39663
9.44389,3.64925
9.44789,0.30367
9.45189,4.96856
9.45589,4.74287
9.45989,5.13308
9.46389,0.75347
9.46789,0.56879
9.47189,2.63608
9.47590,4.60443
9.47990,4.33604
9.48390,2.27761
9.48790,5.24112
9.49190,1.45365
9.49590,1.88463
9.49990,2.59448
9.50390,2.93963
9.50790,0.86350
9.51190,5.19340
9.51590,2.24838
9.51990,4.70716
9.52390,1.88831
9.52791,2.71828
9.53191,4.68082
9.53591,5.14073
9.53991,4.43977
9.54391,3.56123
9.54791,2.30701
9.55191,0.39271
9.55591,5.12734
9.55991,3.54486
9.56391,4.48576
9.56791,5.19478
9.57191,3.33495
9.57592,0.91315
9.57992,1.88681
9.58392,0.34797
9.58792,2.61241
9.59192,0.68321
9.59592,2.83618
9.59992,1.97962
9.60392,1.55012
9.60792,3.51329
9.61192,4.76529
9.61592,4.72581
9.61992,4.83456
9.62392,1.04595
9.62793,4.82514
9.63193,1.01524
9.63593,2.79465
9.63993,2.99207
9.64393,5.19953
9.64793,4.27688
9.65193,3.41855
9.65593,4.96907
9.65993,2.62233
9.66393,2.78912
9.66793,2.85883
9.67193,4.26140
9.67594,1.04248
9.67994,1.45916
9.68394,3.72329
9.68794,4.43433
9.69194,1.94342
9.69594,3.82970
9.69994,3.55316
9.70394,2.95215
9.70794,3.28406
9.71194,4.21974
9.71594,4.47491
9.71994,3.33468
9.72394,3.65768
9.72795,0.46041
9.73195,1.07846
9.73595,2.84575
9.73995,2.83835
9.74395,1.18514
9.74795,3.99996
9.75195,0.82761
9.75595,1.83321
9.75995,3.38701
9.76395,1.20892
9.76795,4.60303
9.77195,4.01189
9.77596,1.00556
9.77996,1.71618
9.78396,3.28478
9.78796,2.95441
9.79196,1.92588
9.79596,1.45105
9.79996,3.44234
9.80396,1.41119
9.80796,3.41355
9.81196,2.48244
9.81596,1.38482
9.81996,4.44366
9.82396,1.10384
9.82797,4.61197
9.83197,4.45690
9.83597,1.48176
9.83997,3.03670
9.84397,1.85506
9.84797,0.51984
9.85197,2.86124
9.85597,4.37912
9.85997,4.48376
9.86397,4.21628
9.86797,0.37657
9.87197,3.14514
9.87598,2.94860
9.87998,2.75485
9.88398,3.41223
9.88798,5.29183
9.89198,1.48777
9.89598,2.49829
9.89998,4.84998
9.90398,2.21424
9.90798,1.66952
9.91198,3.66860
9.91598,0.35497
9.91998,4.75992
9.92398,3.66383
9.92799,3.20399
9.93199,4.80289
9.93599,3.21678
9.93999,0.90515
9.94399,1.94534
9.94799,2.21950
9.95199,4.92956
9.95599,1.61839
9.95999,2.16918
9.96399,3.94966
9.96799,1.51553
9.97199,0.35102
9.97600,0.36704
9.98000,2.86268
9.98400,0.31553
9.98800,0.89801
9.99200,3.00366
9.99600,1.44712
10.00000,3.06819
