-10,00000.3,34242
-9,99600.-0,22124
-9,99200.2,15403
-9,98800.4,66372
-9,98400.1,66456
-9,98000.0,85123
-9,97600.2,25284
-9,97199.0,60491
-9,96799.2,53826
-9,96399.3,17714
-9,95999.2,05721
-9,95599.3,96665
-9,95199.4,21427
-9,94799.0,51919
-9,94399.0,50750
-9,93999.2,72254
-9,93599.4,38817
-9,93199.1,64995
-9,92799.1,63757
-9,92398.1,38991
-9,91998.0,40477
-9,91598.0,50097
-9,91198.0,49385
-9,90798.1,22087
-9,90398.1,67159
-9,89998.1,04048
-9,89598.1,87791
-9,89198.2,48394
-9,88798.0,83784
-9,88398.4,13280
-9,87998.4,23957
-9,87598.1,80758
-9,87197.3,28568
-9,86797.0,19880
-9,86397.0,31457
-9,85997.-0,09401
-9,85597.-0,09233
-9,85197.3,65939
-9,84797.3,09299
-9,84397.0,45744
-9,83997.2,48761
-9,83597.2,49756
-9,83197.1,46257
-9,82797.2,07277
-9,82396.0,46928
-9,81996.-0,03451
-9,81596.2,51212
-9,81196.3,45906
-9,80796.3,55525
-9,80396.2,90708
-9,79996.2,14116
-9,79596.3,84154
-9,79196.2,65550
-9,78796.0,08733
-9,78396.4,42310
-9,77996.0,11015
-9,77596.0,49940
-9,77195.2,63757
-9,76795.3,05195
-9,76395.-0,26666
-9,75995.1,75437
-9,75595.-0,08195
-9,75195.0,52478
-9,74795.2,15972
-9,74395.2,53360
-9,73995.0,66696
-9,73595.0,35773
-9,73195.2,96667
-9,72795.3,78462
-9,72394.3,69756
-9,71994.4,26065
-9,71594.1,62764
-9,71194.3,56294
-9,70794.1,09932
-9,70394.-0,00594
-9,69994.4,68873
-9,69594.4,56105
-9,69194.1,65050
-9,68794.2,68796
-9,68394.2,23473
-9,67994.1,03290
-9,67594.-0,24599
-9,67193.0,95622
-9,66793.3,02031
-9,66393.0,41688
-9,65993.1,37470
-9,65593.1,09197
-9,65193.3,35214
-9,64793.0,38023
-9,64393.4,03307
-9,63993.3,30869
-9,63593.4,27705
-9,63193.0,82351
-9,62793.2,52190
-9,62392.4,16214
-9,61992.4,69179
-9,61592.4,33584
-9,61192.1,86570
-9,60792.3,37766
-9,60392.4,06272
-9,59992.0,79409
-9,59592.3,01544
-9,59192.3,42486
-9,58792.0,07169
-9,58392.0,26193
-9,57992.-0,24472
-9,57592.0,24022
-9,57191.2,35873
-9,56791.2,74306
-9,56391.1,10943
-9,55991.0,64654
-9,55591.0,61899
-9,55191.0,75288
-9,54791.4,67433
-9,54391.2,64355
-9,53991.1,85506
-9,53591.2,05846
-9,53191.3,78306
-9,52791.2,24367
-9,52390.-0,20977
-9,51990.2,60189
-9,51590.3,70348
-9,51190.0,40512
-9,50790.3,00427
-9,50390.-0,18245
-9,49990.-0,16706
-9,49590.3,85289
-9,49190.3,15802
-9,48790.-0,04477
-9,48390.2,19945
-9,47990.0,42882
-9,47590.2,33697
-9,47189.0,77365
-9,46789.4,27924
-9,46389.1,67121
-9,45989.0,10908
-9,45589.4,07956
-9,45189.4,26388
-9,44789.0,21531
-9,44389.0,74081
-9,43989.1,50543
-9,43589.1,86643
-9,43189.3,99927
-9,42789.1,60759
-9,42388.4,03579
-9,41988.3,85569
-9,41588.2,78841
-9,41188.1,57404
-9,40788.2,05768
-9,40388.3,94547
-9,39988.-0,11244
-9,39588.4,63721
-9,39188.2,87033
-9,38788.4,16926
-9,38388.4,35334
-9,37988.2,95816
-9,37588.2,52797
-9,37187.-0,19906
-9,36787.2,11302
-9,36387.2,69862
-9,35987.4,05468
-9,35587.2,66040
-9,35187.1,34115
-9,34787.1,85871
-9,34387.0,31153
-9,33987.0,24057
-9,33587.3,05500
-9,33187.0,40784
-9,32787.4,02702
-9,32386.2,35509
-9,31986.3,80073
-9,31586.3,20371
-9,31186.4,26169
-9,30786.0,91228
-9,30386.3,54051
-9,29986.1,74275
-9,29586.0,69391
-9,29186.0,86483
-9,28786.2,26856
-9,28386.4,55518
-9,27986.4,30968
-9,27586.2,76516
-9,27185.1,12023
-9,26785.4,40862
-9,26385.3,34264
-9,25985.0,18847
-9,25585.1,39038
-9,25185.-0,16492
-9,24785.3,15455
-9,24385.2,03324
-9,23985.-0,26338
-9,23585.1,67363
-9,23185.3,78256
-9,22785.3,14421
-9,22384.3,35862
-9,21984.4,36489
-9,21584.2,04977
-9,21184.2,63838
-9,20784.0,47936
-9,20384.-0,21215
-9,19984.2,98441
-9,19584.3,26324
-9,19184.1,44135
-9,18784.0,09227
-9,18384.-0,04160
-9,17984.0,88686
-9,17584.3,87260
-9,17183.4,27478
-9,16783.3,36093
-9,16383.2,24643
-9,15983.0,29458
-9,15583.0,77274
-9,15183.2,54960
-9,14783.1,45738
-9,14383.2,08981
-9,13983.1,71752
-9,13583.3,03487
-9,13183.2,51969
-9,12783.-0,13447
-9,12382.3,03098
-9,11982.2,60200
-9,11582.0,25811
-9,11182.3,06988
-9,10782.1,75607
-9,10382.0,69231
-9,09982.1,30513
-9,09582.3,78567
-9,09182.0,82108
-9,08782.4,22055
-9,08382.4,37201
-9,07982.0,35383
-9,07582.1,98954
-9,07181.1,61988
-9,06781.3,69286
-9,06381.3,49380
-9,05981.-0,24566
-9,05581.3,65648
-9,05181.0,88465
-9,04781.1,21062
-9,04381.3,34514
-9,03981.4,68382
-9,03581.0,39770
-9,03181.3,52732
-9,02781.2,64069
-9,02380.0,91373
-9,01980.0,08790
-9,01580.0,70604
-9,01180.-0,16414
-9,00780.0,81281
-9,00380.0,44680
-8,99980.2,91373
-8,99580.2,93298
-8,99180.3,29478
-8,98780.-0,06664
-8,98380.3,61926
-8,97980.3,83890
-8,97580.1,82490
-8,97179.-0,17500
-8,96779.0,00062
-8,96379.3,58407
-8,95979.0,95765
-8,95579.1,07093
-8,95179.-0,19550
-8,94779.3,92762
-8,94379.4,48838
-8,93979.4,28830
-8,93579.2,56938
-8,93179.0,77685
-8,92779.4,14242
-8,92378.4,63754
-8,91978.4,68867
-8,91578.3,67177
-8,91178.1,40166
-8,90778.3,02583
-8,90378.0,07856
-8,89978.1,13718
-8,89578.4,06504
-8,89178.3,06587
-8,88778.2,33411
-8,88378.4,02292
-8,87978.4,38877
-8,87578.0,57346
-8,87177.3,27986
-8,86777.2,32658
-8,86377.2,97159
-8,85977.1,16116
-8,85577.3,47362
-8,85177.3,51398
-8,84777.1,42548
-8,84377.3,12225
-8,83977.4,03125
-8,83577.1,47194
-8,83177.4,64653
-8,82777.3,76272
-8,82376.4,72138
-8,81976.2,37781
-8,81576.0,01638
-8,81176.1,27036
-8,80776.4,23442
-8,80376.0,47060
-8,79976.0,87172
-8,79576.1,34287
-8,79176.0,28326
-8,78776.0,39165
-8,78376.2,98356
-8,77976.2,41630
-8,77576.-0,13777
-8,77175.1,15989
-8,76775.1,35858
-8,76375.0,24519
-8,75975.0,57418
-8,75575.3,06587
-8,75175.4,40993
-8,74775.0,94671
-8,74375.0,17055
-8,73975.2,44880
-8,73575.0,30739
-8,73175.4,63314
-8,72775.0,13483
-8,72374.3,90909
-8,71974.1,93301
-8,71574.2,16907
-8,71174.4,26682
-8,70774.-0,18494
-8,70374.3,13998
-8,69974.1,06609
-8,69574.2,94988
-8,69174.4,55182
-8,68774.0,87352
-8,68374.0,59006
-8,67974.0,10776
-8,67574.3,46375
-8,67173.0,72339
-8,66773.3,07806
-8,66373.0,23009
-8,65973.1,63978
-8,65573.4,02463
-8,65173.2,44842
-8,64773.1,62787
-8,64373.0,62391
-8,63973.1,27654
-8,63573.3,46383
-8,63173.4,21168
-8,62773.3,41821
-8,62372.0,68404
-8,61972.3,85882
-8,61572.0,49143
-8,61172.2,57541
-8,60772.2,95613
-8,60372.3,54228
-8,59972.3,79057
-8,59572.0,70235
-8,59172.0,44535
-8,58772.0,28019
-8,58372.1,25987
-8,57972.4,08496
-8,57572.2,71269
-8,57171.0,05601
-8,56771.2,12578
-8,56371.3,67933
-8,55971.3,59221
-8,55571.2,78440
-8,55171.1,23680
-8,54771.2,16502
-8,54371.2,69102
-8,53971.4,14541
-8,53571.3,17863
-8,53171.1,33698
-8,52771.2,70018
-8,52370.0,65523
-8,51970.3,24278
-8,51570.2,36221
-8,51170.3,96195
-8,50770.0,20131
-8,50370.3,38788
-8,49970.1,66962
-8,49570.2,47601
-8,49170.2,99379
-8,48770.4,13634
-8,48370.2,90522
-8,47970.4,41385
-8,47570.1,30047
-8,47169.2,62698
-8,46769.3,76122
-8,46369.2,08181
-8,45969.2,35514
-8,45569.1,56554
-8,45169.3,89412
-8,44769.4,52785
-8,44369.2,20822
-8,43969.0,76927
-8,43569.3,66518
-8,43169.3,62434
-8,42769.3,08361
-8,42368.0,85637
-8,41968.3,53638
-8,41568.2,26736
-8,41168.2,04047
-8,40768.1,67539
-8,40368.-0,16790
-8,39968.3,22129
-8,39568.3,68606
-8,39168.1,45783
-8,38768.3,70731
-8,38368.-0,15247
-8,37968.0,53525
-8,37568.2,66126
-8,37167.3,15943
-8,36767.2,84021
-8,36367.3,34429
-8,35967.1,56432
-8,35567.4,05653
-8,35167.0,61505
-8,34767.-0,07767
-8,34367.0,72026
-8,33967.0,34730
-8,33567.2,24987
-8,33167.3,16555
-8,32767.1,43491
-8,32366.0,05426
-8,31966.1,37895
-8,31566.0,99984
-8,31166.3,83601
-8,30766.0,78416
-8,30366.0,80114
-8,29966.3,29652
-8,29566.1,95680
-8,29166.2,46616
-8,28766.3,69135
-8,28366.2,26102
-8,27966.0,49585
-8,27566.3,35355
-8,27165.1,54830
-8,26765.0,07824
-8,26365.0,06505
-8,25965.4,09303
-8,25565.2,40476
-8,25165.2,91056
-8,24765.1,89729
-8,24365.4,33233
-8,23965.3,41212
-8,23565.0,05183
-8,23165.0,73240
-8,22765.-0,08987
-8,22364.3,86493
-8,21964.0,22871
-8,21564.4,46385
-8,21164.1,58367
-8,20764.0,34244
-8,20364.0,44431
-8,19964.1,92428
-8,19564.1,56442
-8,19164.2,48107
-8,18764.2,46358
-8,18364.0,80455
-8,17964.0,62513
-8,17564.3,69340
-8,17163.2,51275
-8,16763.2,60265
-8,16363.1,98466
-8,15963.-0,02504
-8,15563.0,94922
-8,15163.4,16948
-8,14763.4,08265
-8,14363.2,99831
-8,13963.0,80394
-8,13563.1,98635
-8,13163.4,32925
-8,12763.1,38569
-8,12362.0,58476
-8,11962.-0,01012
-8,11562.2,07821
-8,11162.4,19344
-8,10762.2,36285
-8,10362.-0,16901
-8,09962.2,45385
-8,09562.3,79605
-8,09162.2,86482
-8,08762.0,17436
-8,08362.0,28299
-8,07962.0,12997
-8,07562.3,36828
-8,07161.0,20396
-8,06761.4,61297
-8,06361.0,68760
-8,05961.2,72199
-8,05561.-0,19889
-8,05161.2,87684
-8,04761.2,81389
-8,04361.4,65981
-8,03961.2,05764
-8,03561.3,80648
-8,03161.2,64266
-8,02761.0,34884
-8,02360.3,12517
-8,01960.4,42081
-8,01560.2,57014
-8,01160.0,71572
-8,00760.0,71139
-8,00360.2,94811
-7,99960.1,16111
-7,99560.0,35570
-7,99160.3,31246
-7,98760.2,55634
-7,98360.3,57351
-7,97960.1,97412
-7,97560.2,51317
-7,97159.0,78337
-7,96759.1,85917
-7,96359.2,75144
-7,95959.2,73552
-7,95559.4,29551
-7,95159.2,29090
-7,94759.3,23837
-7,94359.4,44834
-7,93959.0,51260
-7,93559.2,39000
-7,93159.3,53902
-7,92759.0,11709
-7,92358.-0,16862
-7,91958.4,47156
-7,91558.3,18365
-7,91158.1,77663
-7,90758.0,56741
-7,90358.1,73016
-7,89958.0,10488
-7,89558.3,18702
-7,89158.3,49455
-7,88758.1,17930
-7,88358.1,70940
-7,87958.-0,15731
-7,87558.4,26003
-7,87157.4,41803
-7,86757.2,02245
-7,86357.1,73650
-7,85957.1,30811
-7,85557.2,73747
-7,85157.1,00547
-7,84757.1,08473
-7,84357.4,27097
-7,83957.1,38193
-7,83557.0,94045
-7,83157.0,08612
-7,82757.0,41930
-7,82356.1,01416
-7,81956.3,51476
-7,81556.1,38253
-7,81156.4,05130
-7,80756.1,79803
-7,80356.2,47903
-7,79956.3,96234
-7,79556.1,14156
-7,79156.3,56431
-7,78756.0,97087
-7,78356.2,34856
-7,77956.0,30833
-7,77556.4,10743
-7,77155.2,85407
-7,76755.2,63244
-7,76355.0,48334
-7,75955.1,88384
-7,75555.1,63975
-7,75155.4,24553
-7,74755.1,26713
-7,74355.1,70117
-7,73955.0,01230
-7,73555.4,56026
-7,73155.0,97897
-7,72755.1,29152
-7,72354.0,78283
-7,71954.2,58917
-7,71554.1,78524
-7,71154.1,37350
-7,70754.1,91197
-7,70354.1,22227
-7,69954.4,55163
-7,69554.1,89378
-7,69154.4,61698
-7,68754.2,13077
-7,68354.2,89186
-7,67954.4,35178
-7,67554.4,59248
-7,67153.4,43134
-7,66753.4,24820
-7,66353.2,79123
-7,65953.0,80638
-7,65553.1,79672
-7,65153.4,43649
-7,64753.2,21243
-7,64353.3,40132
-7,63953.4,55887
-7,63553.4,00506
-7,63153.2,37816
-7,62753.2,78591
-7,62352.3,97587
-7,61952.-0,03962
-7,61552.2,33072
-7,61152.1,92572
-7,60752.2,95950
-7,60352.1,22233
-7,59952.4,77023
-7,59552.1,67778
-7,59152.2,59888
-7,58752.1,17333
-7,58352.1,51623
-7,57952.1,75165
-7,57552.2,68551
-7,57151.3,83573
-7,56751.1,26035
-7,56351.1,89842
-7,55951.1,60028
-7,55551.1,72204
-7,55151.3,12844
-7,54751.4,17966
-7,54351.1,09504
-7,53951.3,38372
-7,53551.2,40861
-7,53151.2,70335
-7,52751.3,55668
-7,52350.3,58333
-7,51950.1,99737
-7,51550.4,06957
-7,51150.2,38752
-7,50750.0,75484
-7,50350.4,66128
-7,49950.2,41109
-7,49550.1,28786
-7,49150.1,73059
-7,48750.1,05961
-7,48350.3,38482
-7,47950.0,53147
-7,47550.1,96576
-7,47149.2,50236
-7,46749.0,40927
-7,46349.0,88421
-7,45949.4,55955
-7,45549.2,67237
-7,45149.1,96373
-7,44749.0,29713
-7,44349.0,55482
-7,43949.2,77218
-7,43549.0,05171
-7,43149.2,40924
-7,42749.0,89534
-7,42348.0,87170
-7,41948.-0,20376
-7,41548.1,79704
-7,41148.0,26112
-7,40748.3,71703
-7,40348.0,99177
-7,39948.4,01849
-7,39548.0,39457
-7,39148.4,32729
-7,38748.2,88900
-7,38348.2,41970
-7,37948.1,80467
-7,37548.1,00025
-7,37147.4,67756
-7,36747.4,33497
-7,36347.4,27933
-7,35947.4,29106
-7,35547.4,34248
-7,35147.-0,18684
-7,34747.3,03967
-7,34347.1,07959
-7,33947.1,49094
-7,33547.4,01675
-7,33147.1,13787
-7,32747.3,78989
-7,32346.0,13059
-7,31946.1,87488
-7,31546.4,33115
-7,31146.2,94067
-7,30746.1,67111
-7,30346.0,83313
-7,29946.3,18217
-7,29546.2,02965
-7,29146.2,15290
-7,28746.1,14891
-7,28346.3,50619
-7,27946.3,10544
-7,27546.1,61609
-7,27145.0,86662
-7,26745.3,87567
-7,26345.1,45329
-7,25945.4,32805
-7,25545.3,45657
-7,25145.1,14460
-7,24745.0,18380
-7,24345.4,69326
-7,23945.4,32705
-7,23545.3,89222
-7,23145.0,10968
-7,22745.4,40205
-7,22344.1,76642
-7,21944.4,41549
-7,21544.0,22863
-7,21144.4,08066
-7,20744.3,57501
-7,20344.-0,08353
-7,19944.4,31112
-7,19544.3,56627
-7,19144.4,13320
-7,18744.3,75236
-7,18344.0,17029
-7,17944.2,63238
-7,17544.3,91491
-7,17143.1,08558
-7,16743.3,17036
-7,16343.-0,02537
-7,15943.3,27507
-7,15543.0,12045
-7,15143.0,02794
-7,14743.1,21908
-7,14343.1,28246
-7,13943.2,00105
-7,13543.2,06809
-7,13143.1,19892
-7,12743.4,25468
-7,12342.4,47051
-7,11942.0,86845
-7,11542.3,13409
-7,11142.3,04487
-7,10742.2,30411
-7,10342.1,51018
-7,09942.-0,01906
-7,09542.4,03019
-7,09142.3,09777
-7,08742.4,39768
-7,08342.4,72444
-7,07942.1,68356
-7,07542.0,74438
-7,07141.0,09782
-7,06741.0,02355
-7,06341.1,30843
-7,05941.4,16284
-7,05541.3,54179
-7,05141.0,37773
-7,04741.2,00229
-7,04341.2,62821
-7,03941.3,00284
-7,03541.1,39673
-7,03141.0,26794
-7,02741.2,82384
-7,02340.1,60676
-7,01940.3,21136
-7,01540.0,14830
-7,01140.0,16795
-7,00740.2,86718
-7,00340.4,75504
-6,99940.-0,02215
-6,99540.4,37342
-6,99140.4,67782
-6,98740.3,56872
-6,98340.1,83149
-6,97940.1,82404
-6,97540.4,64106
-6,97139.2,73296
-6,96739.2,30139
-6,96339.3,16245
-6,95939.0,26399
-6,95539.2,89834
-6,95139.4,64717
-6,94739.3,06800
-6,94339.4,27808
-6,93939.0,45013
-6,93539.3,53951
-6,93139.2,51814
-6,92739.3,42227
-6,92338.3,58357
-6,91938.2,53947
-6,91538.3,82222
-6,91138.0,88470
-6,90738.0,74292
-6,90338.1,37752
-6,89938.1,25112
-6,89538.1,36018
-6,89138.3,88853
-6,88738.0,56776
-6,88338.2,24841
-6,87938.-0,09635
-6,87538.4,53217
-6,87137.1,05799
-6,86737.3,42314
-6,86337.3,01608
-6,85937.0,39227
-6,85537.0,40455
-6,85137.4,61593
-6,84737.3,78228
-6,84337.1,98674
-6,83937.4,01870
-6,83537.3,61492
-6,83137.2,68213
-6,82737.3,96330
-6,82336.3,46462
-6,81936.3,62702
-6,81536.2,14822
-6,81136.3,79427
-6,80736.-0,06023
-6,80336.0,96809
-6,79936.1,54453
-6,79536.4,40364
-6,79136.1,40870
-6,78736.4,47584
-6,78336.2,56506
-6,77936.0,80201
-6,77536.4,52537
-6,77135.1,52756
-6,76735.0,70445
-6,76335.1,39412
-6,75935.0,13483
-6,75535.2,34723
-6,75135.2,08988
-6,74735.2,50356
-6,74335.2,25725
-6,73935.1,69167
-6,73535.1,89396
-6,73135.1,00740
-6,72735.0,51472
-6,72334.1,43383
-6,71934.4,59318
-6,71534.0,87166
-6,71134.2,24933
-6,70734.1,70783
-6,70334.3,00772
-6,69934.3,85058
-6,69534.4,30797
-6,69134.0,26552
-6,68734.1,19437
-6,68334.3,49406
-6,67934.4,59039
-6,67534.0,45332
-6,67133.3,42672
-6,66733.1,70628
-6,66333.2,88910
-6,65933.4,48726
-6,65533.1,99606
-6,65133.1,68272
-6,64733.0,43038
-6,64333.1,61722
-6,63933.3,36361
-6,63533.1,32040
-6,63133.0,30161
-6,62733.1,95318
-6,62332.-0,09229
-6,61932.4,19960
-6,61532.2,78583
-6,61132.-0,16035
-6,60732.1,08251
-6,60332.3,89895
-6,59932.0,21570
-6,59532.3,47853
-6,59132.1,53146
-6,58732.0,42953
-6,58332.3,27229
-6,57932.4,20257
-6,57532.0,10917
-6,57131.4,55977
-6,56731.1,12525
-6,56331.4,48626
-6,55931.0,38734
-6,55531.0,23212
-6,55131.4,65542
-6,54731.2,75686
-6,54331.0,92577
-6,53931.2,20120
-6,53531.2,35385
-6,53131.3,74848
-6,52731.0,78878
-6,52330.3,36115
-6,51930.3,41166
-6,51530.0,03694
-6,51130.3,08973
-6,50730.1,52789
-6,50330.1,41532
-6,49930.1,93068
-6,49530.0,17830
-6,49130.1,98552
-6,48730.2,50421
-6,48330.0,90365
-6,47930.0,06296
-6,47530.3,40225
-6,47129.4,37545
-6,46729.4,80152
-6,46329.1,16148
-6,45929.4,10270
-6,45529.0,50441
-6,45129.0,52191
-6,44729.3,73882
-6,44329.0,78199
-6,43929.0,78260
-6,43529.0,52114
-6,43129.3,83956
-6,42729.2,41214
-6,42328.4,38996
-6,41928.0,81733
-6,41528.1,09833
-6,41128.3,70999
-6,40728.3,53569
-6,40328.0,71485
-6,39928.0,76465
-6,39528.-0,01259
-6,39128.0,36968
-6,38728.3,70562
-6,38328.0,41334
-6,37928.4,74318
-6,37528.0,96681
-6,37127.0,79993
-6,36727.2,23419
-6,36327.3,09669
-6,35927.4,57177
-6,35527.4,65627
-6,35127.2,83026
-6,34727.0,63915
-6,34327.1,90343
-6,33927.0,06193
-6,33527.2,26202
-6,33127.1,88037
-6,32727.3,44843
-6,32326.2,29466
-6,31926.2,78276
-6,31526.4,28571
-6,31126.2,20615
-6,30726.2,00053
-6,30326.4,74312
-6,29926.1,28754
-6,29526.0,40148
-6,29126.1,83619
-6,28726.3,01828
-6,28326.2,24892
-6,27926.3,92525
-6,27526.1,05008
-6,27125.4,68688
-6,26725.4,47008
-6,26325.0,84192
-6,25925.1,85684
-6,25525.3,18095
-6,25125.0,69982
-6,24725.0,05774
-6,24325.0,24080
-6,23925.4,46733
-6,23525.3,61579
-6,23125.1,93334
-6,22725.1,94648
-6,22324.2,87843
-6,21924.1,88696
-6,21524.0,60767
-6,21124.0,93414
-6,20724.1,37849
-6,20324.0,29646
-6,19924.3,90028
-6,19524.0,78462
-6,19124.3,22927
-6,18724.0,64508
-6,18324.1,94520
-6,17924.0,43265
-6,17524.2,57035
-6,17123.1,32876
-6,16723.2,78736
-6,16323.-0,08472
-6,15923.3,72918
-6,15523.2,22096
-6,15123.0,21346
-6,14723.2,36469
-6,14323.3,62573
-6,13923.1,69585
-6,13523.4,61326
-6,13123.2,94528
-6,12723.1,29643
-6,12322.3,08670
-6,11922.3,98385
-6,11522.0,03518
-6,11122.2,16144
-6,10722.4,34869
-6,10322.0,86708
-6,09922.1,13288
-6,09522.0,09526
-6,09122.2,15235
-6,08722.2,75595
-6,08322.1,97046
-6,07922.2,86190
-6,07522.4,45413
-6,07121.4,71121
-6,06721.3,27711
-6,06321.0,69578
-6,05921.2,97270
-6,05521.1,74636
-6,05121.2,32840
-6,04721.0,88221
-6,04321.3,34786
-6,03921.2,53402
-6,03521.1,89334
-6,03121.4,82681
-6,02721.2,95316
-6,02320.0,20711
-6,01920.0,23098
-6,01520.0,54317
-6,01120.3,78648
-6,00720.0,59864
-6,00320.4,26080
-5,99920.1,71239
-5,99520.4,61449
-5,99120.0,75004
-5,98720.4,83321
-5,98320.4,78340
-5,97920.2,34018
-5,97520.1,77794
-5,97119.2,78554
-5,96719.2,63748
-5,96319.2,07995
-5,95919.3,77971
-5,95519.2,95780
-5,95119.0,68778
-5,94719.0,46154
-5,94319.1,86494
-5,93919.1,22687
-5,93519.0,64741
-5,93119.3,87991
-5,92719.3,03816
-5,92318.0,31687
-5,91918.2,01833
-5,91518.-0,08705
-5,91118.4,84471
-5,90718.2,53932
-5,90318.0,30403
-5,89918.0,72794
-5,89518.4,59781
-5,89118.2,62216
-5,88718.3,30895
-5,88318.3,50572
-5,87918.2,69445
-5,87518.3,57237
-5,87117.3,67129
-5,86717.0,22487
-5,86317.3,69675
-5,85917.1,69688
-5,85517.2,43579
-5,85117.2,23168
-5,84717.0,17853
-5,84317.1,73586
-5,83917.1,16857
-5,83517.1,58794
-5,83117.1,64332
-5,82717.1,50213
-5,82316.3,13305
-5,81916.2,76640
-5,81516.1,13701
-5,81116.2,66422
-5,80716.1,41698
-5,80316.0,54797
-5,79916.1,59515
-5,79516.3,35759
-5,79116.4,70927
-5,78716.3,78208
-5,78316.4,34423
-5,77916.0,97488
-5,77516.0,77867
-5,77115.1,81851
-5,76715.0,88943
-5,76315.0,54629
-5,75915.1,43216
-5,75515.3,56763
-5,75115.1,00542
-5,74715.1,58425
-5,74315.2,62540
-5,73915.2,76643
-5,73515.1,60979
-5,73115.1,43896
-5,72715.4,37785
-5,72314.4,52877
-5,71914.4,71914
-5,71514.2,02091
-5,71114.4,86606
-5,70714.0,34980
-5,70314.4,55114
-5,69914.2,99391
-5,69514.4,00716
-5,69114.2,98577
-5,68714.3,59937
-5,68314.2,75980
-5,67914.1,62430
-5,67514.1,10949
-5,67113.4,81227
-5,66713.2,33918
-5,66313.1,03741
-5,65913.2,90126
-5,65513.4,71912
-5,65113.1,03222
-5,64713.3,32284
-5,64313.2,45218
-5,63913.2,57990
-5,63513.3,43107
-5,63113.4,37458
-5,62713.2,06271
-5,62312.2,90071
-5,61912.2,19092
-5,61512.2,68394
-5,61112.0,22709
-5,60712.0,99742
-5,60312.4,47812
-5,59912.4,68806
-5,59512.4,22209
-5,59112.2,69275
-5,58712.2,92457
-5,58312.2,32518
-5,57912.2,11811
-5,57512.2,92783
-5,57111.3,27138
-5,56711.0,99088
-5,56311.0,13896
-5,55911.1,34628
-5,55511.1,95351
-5,55111.4,18622
-5,54711.1,61211
-5,54311.2,00411
-5,53911.2,79256
-5,53511.2,82706
-5,53111.2,15326
-5,52711.4,37940
-5,52310.1,65934
-5,51910.1,79349
-5,51510.4,02197
-5,51110.1,84184
-5,50710.1,75009
-5,50310.1,78860
-5,49910.3,99320
-5,49510.1,40338
-5,49110.2,47070
-5,48710.3,83269
-5,48310.3,79472
-5,47910.1,15922
-5,47510.1,82391
-5,47109.2,87413
-5,46709.2,85764
-5,46309.4,44431
-5,45909.1,62076
-5,45509.4,10378
-5,45109.3,60436
-5,44709.3,21101
-5,44309.1,54042
-5,43909.4,10211
-5,43509.2,33106
-5,43109.2,34584
-5,42709.3,27779
-5,42308.3,12836
-5,41908.0,43188
-5,41508.3,74289
-5,41108.3,84917
-5,40708.1,28937
-5,40308.1,98596
-5,39908.2,09971
-5,39508.3,42042
-5,39108.2,72285
-5,38708.4,67453
-5,38308.3,60118
-5,37908.3,98834
-5,37508.3,11095
-5,37107.0,17530
-5,36707.2,38772
-5,36307.0,73838
-5,35907.1,73052
-5,35507.4,60887
-5,35107.2,87777
-5,34707.4,66512
-5,34307.2,80937
-5,33907.2,62637
-5,33507.0,72035
-5,33107.0,63816
-5,32707.1,68347
-5,32306.0,55480
-5,31906.1,82867
-5,31506.0,12039
-5,31106.0,33643
-5,30706.2,01952
-5,30306.1,20656
-5,29906.1,03423
-5,29506.2,29437
-5,29106.1,24824
-5,28706.2,16602
-5,28306.1,11853
-5,27906.0,53222
-5,27506.0,66011
-5,27105.0,03965
-5,26705.2,53971
-5,26305.0,91860
-5,25905.2,12987
-5,25505.2,66318
-5,25105.0,80596
-5,24705.0,82574
-5,24305.2,66309
-5,23905.2,20402
-5,23505.2,69343
-5,23105.0,41973
-5,22705.4,25063
-5,22304.4,37855
-5,21904.0,87211
-5,21504.1,43110
-5,21104.2,89313
-5,20704.2,69292
-5,20304.3,37430
-5,19904.3,15989
-5,19504.4,87892
-5,19104.0,81748
-5,18704.4,15082
-5,18304.2,97767
-5,17904.1,50362
-5,17504.3,22544
-5,17103.0,06867
-5,16703.2,71061
-5,16303.2,66441
-5,15903.1,46147
-5,15503.2,36174
-5,15103.1,50244
-5,14703.0,92660
-5,14303.2,60936
-5,13903.1,55413
-5,13503.4,52573
-5,13103.3,12490
-5,12703.2,59233
-5,12302.3,50554
-5,11902.0,46778
-5,11502.1,97910
-5,11102.1,97940
-5,10702.3,43403
-5,10302.4,13012
-5,09902.3,50958
-5,09502.0,78697
-5,09102.1,44359
-5,08702.0,96160
-5,08302.1,83997
-5,07902.2,78531
-5,07502.2,06869
-5,07101.1,46519
-5,06701.1,50503
-5,06301.4,34763
-5,05901.3,66544
-5,05501.-0,03873
-5,05101.1,03670
-5,04701.2,57110
-5,04301.2,11037
-5,03901.2,74328
-5,03501.3,35436
-5,03101.4,05389
-5,02701.3,87632
-5,02300.0,12459
-5,01900.1,85982
-5,01500.3,88136
-5,01100.0,98590
-5,00700.2,27201
-5,00300.2,40191
-4,99900.1,75071
-4,99500.1,24069
-4,99100.4,10593
-4,98700.2,58382
-4,98300.0,77909
-4,97900.2,07412
-4,97499.0,19001
-4,97099.2,58077
-4,96699.1,01556
-4,96299.1,01955
-4,95899.0,10317
-4,95499.3,76501
-4,95099.0,01699
-4,94699.3,94091
-4,94299.1,68134
-4,93899.1,79008
-4,93499.2,27381
-4,93099.3,40446
-4,92699.1,04098
-4,92298.4,72914
-4,91898.1,37607
-4,91498.2,19323
-4,91098.4,23741
-4,90698.3,73244
-4,90298.4,07942
-4,89898.3,71983
-4,89498.1,20055
-4,89098.0,59066
-4,88698.1,58990
-4,88298.1,80238
-4,87898.0,55575
-4,87497.0,42689
-4,87097.2,22577
-4,86697.1,66597
-4,86297.1,91666
-4,85897.2,82414
-4,85497.2,33734
-4,85097.2,44952
-4,84697.3,98295
-4,84297.4,61933
-4,83897.1,84397
-4,83497.1,91089
-4,83097.3,38314
-4,82697.1,48701
-4,82296.1,75728
-4,81896.4,15363
-4,81496.1,47000
-4,81096.4,40314
-4,80696.0,27215
-4,80296.4,39185
-4,79896.0,55357
-4,79496.2,36519
-4,79096.2,85220
-4,78696.2,83884
-4,78296.3,16763
-4,77896.1,44534
-4,77495.3,14454
-4,77095.2,24143
-4,76695.4,39133
-4,76295.2,86757
-4,75895.2,41084
-4,75495.3,88328
-4,75095.0,08349
-4,74695.4,19152
-4,74295.1,95620
-4,73895.4,75664
-4,73495.1,25394
-4,73095.2,92762
-4,72695.0,51161
-4,72294.2,73296
-4,71894.4,85887
-4,71494.2,62155
-4,71094.3,63458
-4,70694.0,70239
-4,70294.2,13172
-4,69894.0,19803
-4,69494.1,39353
-4,69094.0,69815
-4,68694.1,61271
-4,68294.2,26179
-4,67894.3,10226
-4,67493.4,22055
-4,67093.3,82537
-4,66693.2,91435
-4,66293.3,73584
-4,65893.3,81240
-4,65493.2,52223
-4,65093.2,69055
-4,64693.3,35593
-4,64293.1,45038
-4,63893.0,35081
-4,63493.1,38836
-4,63093.3,81223
-4,62693.2,87839
-4,62292.2,79033
-4,61892.0,43427
-4,61492.2,96395
-4,61092.4,52356
-4,60692.2,85878
-4,60292.4,11637
-4,59892.0,79617
-4,59492.4,13897
-4,59092.0,09031
-4,58692.0,65933
-4,58292.2,07612
-4,57892.4,82596
-4,57491.1,63272
-4,57091.4,96080
-4,56691.1,63063
-4,56291.0,56501
-4,55891.2,47766
-4,55491.1,00182
-4,55091.3,27788
-4,54691.4,85997
-4,54291.2,79873
-4,53891.0,83107
-4,53491.3,57139
-4,53091.1,54362
-4,52691.4,16217
-4,52290.2,96612
-4,51890.0,42807
-4,51490.0,37427
-4,51090.0,68854
-4,50690.4,07474
-4,50290.3,02487
-4,49890.1,92953
-4,49490.1,02537
-4,49090.0,16393
-4,48690.4,63166
-4,48290.1,65999
-4,47890.2,89812
-4,47489.4,26749
-4,47089.4,49159
-4,46689.1,28156
-4,46289.0,87023
-4,45889.0,18632
-4,45489.2,55717
-4,45089.3,38954
-4,44689.4,48811
-4,44289.2,06080
-4,43889.2,65401
-4,43489.2,61843
-4,43089.0,90149
-4,42689.2,39630
-4,42288.0,36375
-4,41888.3,12154
-4,41488.4,15439
-4,41088.4,31807
-4,40688.2,50118
-4,40288.2,64200
-4,39888.0,47290
-4,39488.0,12197
-4,39088.0,29151
-4,38688.3,99671
-4,38288.1,46466
-4,37888.0,25990
-4,37487.1,88083
-4,37087.2,36681
-4,36687.2,34715
-4,36287.4,48428
-4,35887.4,47740
-4,35487.2,47826
-4,35087.4,76665
-4,34687.2,26806
-4,34287.4,39470
-4,33887.0,06711
-4,33487.2,48267
-4,33087.0,56057
-4,32687.4,82121
-4,32286.0,47868
-4,31886.0,93387
-4,31486.4,05102
-4,31086.4,18008
-4,30686.0,69323
-4,30286.2,78638
-4,29886.0,12783
-4,29486.2,92137
-4,29086.3,97377
-4,28686.4,53281
-4,28286.2,50891
-4,27886.0,61905
-4,27485.4,77795
-4,27085.4,58476
-4,26685.3,06810
-4,26285.0,50667
-4,25885.4,97473
-4,25485.0,95158
-4,25085.0,43167
-4,24685.3,51234
-4,24285.4,90936
-4,23885.1,79967
-4,23485.3,04397
-4,23085.0,11297
-4,22685.2,76267
-4,22284.2,66370
-4,21884.2,73155
-4,21484.4,69423
-4,21084.4,75951
-4,20684.0,23093
-4,20284.0,42182
-4,19884.4,36269
-4,19484.2,49599
-4,19084.4,59058
-4,18684.3,72626
-4,18284.0,42614
-4,17884.0,98368
-4,17483.3,95526
-4,17083.0,05824
-4,16683.3,74285
-4,16283.0,34909
-4,15883.2,95848
-4,15483.0,13190
-4,15083.3,09534
-4,14683.1,52585
-4,14283.0,20868
-4,13883.3,19802
-4,13483.2,66752
-4,13083.2,10150
-4,12683.3,86306
-4,12282.5,03961
-4,11882.1,19465
-4,11482.1,01048
-4,11082.1,24511
-4,10682.3,00053
-4,10282.2,26405
-4,09882.4,07477
-4,09482.3,87542
-4,09082.4,54588
-4,08682.3,40994
-4,08282.2,34148
-4,07882.3,22656
-4,07481.3,35410
-4,07081.3,76364
-4,06681.0,24659
-4,06281.0,79659
-4,05881.3,19919
-4,05481.1,31736
-4,05081.4,89675
-4,04681.2,51152
-4,04281.1,39042
-4,03881.4,19330
-4,03481.3,66012
-4,03081.2,97831
-4,02681.1,62974
-4,02280.3,40067
-4,01880.1,96446
-4,01480.2,60803
-4,01080.1,10286
-4,00680.3,58005
-4,00280.0,45016
-3,99880.4,94791
-3,99480.1,91691
-3,99080.0,91399
-3,98680.2,02889
-3,98280.1,67436
-3,97880.1,16420
-3,97479.1,91732
-3,97079.4,16525
-3,96679.3,28273
-3,96279.2,55507
-3,95879.4,27285
-3,95479.2,80232
-3,95079.4,12089
-3,94679.0,59140
-3,94279.4,46437
-3,93879.3,10039
-3,93479.1,42364
-3,93079.4,52989
-3,92679.4,02281
-3,92278.1,45368
-3,91878.2,24215
-3,91478.0,52604
-3,91078.3,93636
-3,90678.0,12784
-3,90278.0,63986
-3,89878.5,00709
-3,89478.0,76356
-3,89078.3,22550
-3,88678.2,89262
-3,88278.2,94906
-3,87878.4,95614
-3,87477.0,22156
-3,87077.2,99315
-3,86677.4,20439
-3,86277.4,92064
-3,85877.2,61879
-3,85477.0,71436
-3,85077.3,55682
-3,84677.3,49727
-3,84277.3,56251
-3,83877.3,50876
-3,83477.1,26777
-3,83077.3,43023
-3,82677.5,04732
-3,82276.2,63369
-3,81876.1,03401
-3,81476.3,77599
-3,81076.0,62334
-3,80676.3,95874
-3,80276.0,91691
-3,79876.1,38286
-3,79476.2,49895
-3,79076.2,40844
-3,78676.1,27577
-3,78276.0,30676
-3,77876.2,10724
-3,77475.2,52016
-3,77075.0,65076
-3,76675.4,26283
-3,76275.3,99097
-3,75875.2,10128
-3,75475.0,22295
-3,75075.1,02204
-3,74675.1,99151
-3,74275.3,28782
-3,73875.0,54994
-3,73475.1,06433
-3,73075.2,81413
-3,72675.0,98789
-3,72274.3,15795
-3,71874.4,41505
-3,71474.4,89182
-3,71074.2,36824
-3,70674.1,69683
-3,70274.3,33467
-3,69874.4,49548
-3,69474.3,22169
-3,69074.3,60689
-3,68674.3,40818
-3,68274.3,88024
-3,67874.0,58126
-3,67473.3,02303
-3,67073.0,40655
-3,66673.3,37152
-3,66273.1,94841
-3,65873.4,20969
-3,65473.1,64152
-3,65073.1,54537
-3,64673.2,86134
-3,64273.5,09357
-3,63873.2,31992
-3,63473.2,31243
-3,63073.1,13212
-3,62673.0,84171
-3,62272.0,49183
-3,61872.0,34693
-3,61472.4,29555
-3,61072.1,49263
-3,60672.3,13266
-3,60272.3,62874
-3,59872.4,16988
-3,59472.4,38874
-3,59072.1,13114
-3,58672.0,33219
-3,58272.4,38921
-3,57872.2,73102
-3,57471.3,54632
-3,57071.3,39500
-3,56671.2,89224
-3,56271.3,05770
-3,55871.2,79979
-3,55471.0,59633
-3,55071.4,05267
-3,54671.2,23843
-3,54271.0,44044
-3,53871.1,04362
-3,53471.1,10017
-3,53071.1,07185
-3,52671.0,24672
-3,52270.4,13652
-3,51870.2,37833
-3,51470.1,73741
-3,51070.4,11938
-3,50670.0,40088
-3,50270.1,45459
-3,49870.4,46907
-3,49470.4,90758
-3,49070.0,45776
-3,48670.4,51861
-3,48270.1,97940
-3,47870.3,16036
-3,47469.1,32338
-3,47069.2,91419
-3,46669.1,28100
-3,46269.3,26067
-3,45869.0,65185
-3,45469.2,21099
-3,45069.2,96228
-3,44669.3,88503
-3,44269.4,06851
-3,43869.1,34637
-3,43469.1,05281
-3,43069.3,64353
-3,42669.4,45140
-3,42268.4,70131
-3,41868.3,27008
-3,41468.4,79112
-3,41068.0,98631
-3,40668.1,10524
-3,40268.2,03733
-3,39868.2,62137
-3,39468.3,93415
-3,39068.1,74278
-3,38668.4,94365
-3,38268.3,47050
-3,37868.0,56983
-3,37467.5,08043
-3,37067.1,50747
-3,36667.2,73640
-3,36267.4,49871
-3,35867.1,86661
-3,35467.1,05619
-3,35067.2,21476
-3,34667.5,12711
-3,34267.5,15828
-3,33867.4,28988
-3,33467.4,08488
-3,33067.5,18605
-3,32667.0,63084
-3,32266.0,87471
-3,31866.1,68279
-3,31466.5,01353
-3,31066.1,63242
-3,30666.0,58293
-3,30266.1,34609
-3,29866.2,26851
-3,29466.0,97970
-3,29066.4,12071
-3,28666.1,95428
-3,28266.3,94175
-3,27866.0,87252
-3,27465.3,04930
-3,27065.2,86040
-3,26665.1,73136
-3,26265.1,74265
-3,25865.2,13538
-3,25465.2,63738
-3,25065.2,18729
-3,24665.3,82657
-3,24265.2,30552
-3,23865.4,03047
-3,23465.5,08137
-3,23065.2,80621
-3,22665.3,77243
-3,22264.5,16699
-3,21864.5,23874
-3,21464.0,39668
-3,21064.1,00792
-3,20664.5,20824
-3,20264.0,48741
-3,19864.0,67224
-3,19464.0,59167
-3,19064.4,38254
-3,18664.0,48501
-3,18264.1,61769
-3,17864.4,75932
-3,17463.4,97850
-3,17063.3,29853
-3,16663.1,90208
-3,16263.5,18319
-3,15863.1,85229
-3,15463.4,12038
-3,15063.4,60289
-3,14663.0,98160
-3,14263.1,15789
-3,13863.3,51533
-3,13463.2,95816
-3,13063.3,82464
-3,12663.1,38996
-3,12262.4,70289
-3,11862.2,51375
-3,11462.2,43542
-3,11062.2,25297
-3,10662.1,98459
-3,10262.2,33043
-3,09862.4,87120
-3,09462.1,98877
-3,09062.1,55869
-3,08662.2,06747
-3,08262.1,11201
-3,07862.1,12784
-3,07461.1,37135
-3,07061.2,88471
-3,06661.1,98144
-3,06261.5,22760
-3,05861.4,20090
-3,05461.1,89346
-3,05061.4,04383
-3,04661.3,12961
-3,04261.4,15363
-3,03861.5,04283
-3,03461.2,79265
-3,03061.4,19642
-3,02661.5,21436
-3,02260.1,61031
-3,01860.1,28108
-3,01460.1,34815
-3,01060.4,66585
-3,00660.3,52767
-3,00260.2,03500
-2,99860.5,17287
-2,99460.2,60605
-2,99060.2,17047
-2,98660.5,18710
-2,98260.4,00855
-2,97860.0,44097
-2,97459.4,78904
-2,97059.5,24656
-2,96659.4,46735
-2,96259.4,17536
-2,95859.4,45415
-2,95459.1,67500
-2,95059.4,99565
-2,94659.3,70854
-2,94259.4,17725
-2,93859.3,80064
-2,93459.5,31023
-2,93059.4,58399
-2,92659.5,09297
-2,92258.5,30163
-2,91858.0,60714
-2,91458.2,64544
-2,91058.0,61530
-2,90658.2,51247
-2,90258.0,79244
-2,89858.4,25907
-2,89458.4,41002
-2,89058.2,30292
-2,88658.2,17393
-2,88258.1,77876
-2,87858.2,71890
-2,87457.5,26218
-2,87057.1,59081
-2,86657.1,64443
-2,86257.3,40118
-2,85857.4,02277
-2,85457.2,61134
-2,85057.2,74579
-2,84657.4,56166
-2,84257.4,35566
-2,83857.1,24815
-2,83457.5,05445
-2,83057.2,50926
-2,82657.0,42605
-2,82256.0,97064
-2,81856.1,53382
-2,81456.3,40081
-2,81056.0,49235
-2,80656.5,29070
-2,80256.2,29961
-2,79856.0,77278
-2,79456.3,30202
-2,79056.4,46946
-2,78656.0,44610
-2,78256.4,24019
-2,77856.2,60423
-2,77455.3,91093
-2,77055.2,56422
-2,76655.2,59546
-2,76255.3,59757
-2,75855.0,79700
-2,75455.2,42865
-2,75055.2,43494
-2,74655.2,37001
-2,74255.3,88615
-2,73855.4,03074
-2,73455.1,71587
-2,73055.4,16077
-2,72655.4,27394
-2,72254.1,18498
-2,71854.2,34275
-2,71454.3,78888
-2,71054.2,78549
-2,70654.2,91562
-2,70254.3,62636
-2,69854.2,66788
-2,69454.4,74601
-2,69054.5,33468
-2,68654.0,48766
-2,68254.3,51732
-2,67854.2,71800
-2,67453.4,42370
-2,67053.3,29549
-2,66653.1,90875
-2,66253.1,33031
-2,65853.4,76201
-2,65453.2,04951
-2,65053.1,90746
-2,64653.2,63305
-2,64253.2,65382
-2,63853.4,09700
-2,63453.4,06810
-2,63053.3,86972
-2,62653.4,54378
-2,62252.2,95487
-2,61852.5,05296
-2,61452.2,41093
-2,61052.5,09398
-2,60652.0,85698
-2,60252.3,41776
-2,59852.5,15969
-2,59452.3,96560
-2,59052.4,88888
-2,58652.4,80268
-2,58252.3,93124
-2,57852.4,80830
-2,57451.4,08592
-2,57051.2,63346
-2,56651.2,54426
-2,56251.2,75040
-2,55851.0,77991
-2,55451.4,74476
-2,55051.2,28027
-2,54651.1,06272
-2,54251.0,58670
-2,53851.1,11255
-2,53451.3,62060
-2,53051.4,83412
-2,52651.3,76910
-2,52250.3,20409
-2,51850.0,94306
-2,51450.4,98758
-2,51050.5,39495
-2,50650.4,09503
-2,50250.5,14255
-2,49850.1,46368
-2,49450.1,06250
-2,49050.1,35885
-2,48650.2,90487
-2,48250.1,74972
-2,47850.4,71705
-2,47449.0,73283
-2,47049.4,38929
-2,46649.3,19384
-2,46249.3,90654
-2,45849.5,11143
-2,45449.3,52412
-2,45049.0,97085
-2,44649.3,22440
-2,44249.0,63770
-2,43849.3,16119
-2,43449.2,60454
-2,43049.2,81432
-2,42649.2,52698
-2,42248.5,25646
-2,41848.2,80074
-2,41448.2,42183
-2,41048.0,54909
-2,40648.0,63414
-2,40248.2,24762
-2,39848.5,39453
-2,39448.0,73130
-2,39048.4,61226
-2,38648.4,15516
-2,38248.2,97235
-2,37848.2,76023
-2,37447.2,54399
-2,37047.1,75976
-2,36647.3,19041
-2,36247.0,60333
-2,35847.2,43378
-2,35447.1,76990
-2,35047.3,48427
-2,34647.1,14932
-2,34247.5,52376
-2,33847.2,94523
-2,33447.5,10375
-2,33047.2,29439
-2,32647.5,48385
-2,32246.1,21737
-2,31846.2,60761
-2,31446.2,96497
-2,31046.1,72261
-2,30646.5,06155
-2,30246.0,63789
-2,29846.4,57097
-2,29446.5,39173
-2,29046.4,47927
-2,28646.3,88222
-2,28246.4,26758
-2,27846.2,58504
-2,27445.4,37283
-2,27045.2,38401
-2,26645.3,42579
-2,26245.5,03231
-2,25845.3,32165
-2,25445.5,31689
-2,25045.4,20258
-2,24645.1,10262
-2,24245.4,66233
-2,23845.4,44374
-2,23445.1,03030
-2,23045.4,53978
-2,22645.1,27547
-2,22244.2,78172
-2,21844.4,88095
-2,21444.4,73755
-2,21044.4,12039
-2,20644.0,99971
-2,20244.0,71511
-2,19844.2,71726
-2,19444.4,97230
-2,19044.2,07578
-2,18644.3,24231
-2,18244.2,57885
-2,17844.2,67543
-2,17443.2,04643
-2,17043.0,93059
-2,16643.2,40021
-2,16243.3,92615
-2,15843.2,21602
-2,15443.4,84850
-2,15043.1,84090
-2,14643.5,05953
-2,14243.4,71775
-2,13843.1,69509
-2,13443.4,90665
-2,13043.2,87122
-2,12643.2,58193
-2,12242.3,56234
-2,11842.3,82154
-2,11442.1,07014
-2,11042.4,75500
-2,10642.0,78846
-2,10242.3,11468
-2,09842.5,54637
-2,09442.3,99526
-2,09042.4,01990
-2,08642.3,28401
-2,08242.3,33350
-2,07842.5,28520
-2,07441.5,25036
-2,07041.1,13667
-2,06641.2,35789
-2,06241.2,91374
-2,05841.2,42517
-2,05441.0,73157
-2,05041.4,89705
-2,04641.5,64552
-2,04241.0,70255
-2,03841.3,80366
-2,03441.1,96484
-2,03041.1,75340
-2,02641.4,88426
-2,02240.4,51984
-2,01840.2,30304
-2,01440.1,26612
-2,01040.4,41489
-2,00640.1,17466
-2,00240.1,34241
-1,99840.3,13416
-1,99440.1,57381
-1,99040.4,41613
-1,98640.2,20460
-1,98240.3,50505
-1,97840.1,68873
-1,97439.2,74305
-1,97039.2,50097
-1,96639.3,21011
-1,96239.2,56732
-1,95839.5,28068
-1,95439.1,92405
-1,95039.4,65075
-1,94639.5,13990
-1,94239.4,29920
-1,93839.1,74563
-1,93439.1,40985
-1,93039.1,74454
-1,92639.1,30664
-1,92238.4,85736
-1,91838.5,65953
-1,91438.4,88490
-1,91038.4,40185
-1,90638.2,08302
-1,90238.3,41833
-1,89838.1,49649
-1,89438.2,27376
-1,89038.2,56387
-1,88638.4,11158
-1,88238.0,93871
-1,87838.2,92775
-1,87437.2,21822
-1,87037.3,77386
-1,86637.2,44702
-1,86237.3,03883
-1,85837.3,05958
-1,85437.3,65966
-1,85037.3,27311
-1,84637.2,88585
-1,84237.3,07285
-1,83837.2,50424
-1,83437.3,98457
-1,83037.1,01804
-1,82637.3,35661
-1,82236.3,37407
-1,81836.2,30362
-1,81436.0,90369
-1,81036.4,43641
-1,80636.1,67391
-1,80236.3,99650
-1,79836.3,24609
-1,79436.0,88626
-1,79036.1,02867
-1,78636.3,00058
-1,78236.0,79256
-1,77836.3,08826
-1,77435.4,26875
-1,77035.1,66222
-1,76635.5,71942
-1,76235.5,42861
-1,75835.4,57591
-1,75435.4,04364
-1,75035.2,51254
-1,74635.1,81444
-1,74235.5,63820
-1,73835.5,38989
-1,73435.2,86600
-1,73035.2,73949
-1,72635.2,87126
-1,72234.5,73842
-1,71834.0,94170
-1,71434.4,99486
-1,71034.4,23638
-1,70634.2,65287
-1,70234.3,90621
-1,69834.3,22645
-1,69434.2,32222
-1,69034.4,62648
-1,68634.4,15057
-1,68234.3,12379
-1,67834.3,90534
-1,67433.5,76071
-1,67033.4,10151
-1,66633.0,96212
-1,66233.3,04836
-1,65833.1,20352
-1,65433.5,33218
-1,65033.2,67137
-1,64633.4,37635
-1,64233.5,30486
-1,63833.2,53471
-1,63433.2,01904
-1,63033.4,58421
-1,62633.1,59464
-1,62232.4,96740
-1,61832.5,64165
-1,61432.1,64309
-1,61032.2,43229
-1,60632.3,66776
-1,60232.3,42019
-1,59832.5,47966
-1,59432.5,80075
-1,59032.4,99294
-1,58632.2,17925
-1,58232.5,62693
-1,57832.2,69573
-1,57431.4,34255
-1,57031.5,32082
-1,56631.4,21738
-1,56231.2,76665
-1,55831.5,15563
-1,55431.4,58989
-1,55031.2,69359
-1,54631.3,40724
-1,54231.5,01139
-1,53831.3,61935
-1,53431.3,89106
-1,53031.5,86963
-1,52631.2,25323
-1,52230.5,77210
-1,51830.1,30613
-1,51430.1,96935
-1,51030.3,92338
-1,50630.2,89645
-1,50230.2,74452
-1,49830.2,30816
-1,49430.4,11341
-1,49030.1,32272
-1,48630.2,97735
-1,48230.5,72960
-1,47830.3,58607
-1,47429.3,16919
-1,47029.3,18996
-1,46629.4,77574
-1,46229.1,32838
-1,45829.4,88898
-1,45429.2,65223
-1,45029.2,83293
-1,44629.4,97914
-1,44229.3,57038
-1,43829.4,48150
-1,43429.1,94077
-1,43029.1,40504
-1,42629.4,72968
-1,42228.3,63289
-1,41828.3,14422
-1,41428.1,33439
-1,41028.5,50758
-1,40628.4,99104
-1,40228.5,85071
-1,39828.4,34423
-1,39428.3,45300
-1,39028.2,28685
-1,38628.1,23021
-1,38228.1,96707
-1,37828.2,49703
-1,37427.2,35151
-1,37027.5,16934
-1,36627.2,42170
-1,36227.3,78146
-1,35827.5,88099
-1,35427.4,73966
-1,35027.2,03964
-1,34627.5,43021
-1,34227.5,27874
-1,33827.5,91006
-1,33427.3,24241
-1,33027.4,72849
-1,32627.1,18538
-1,32226.3,36044
-1,31826.5,76700
-1,31426.5,56909
-1,31026.1,87005
-1,30626.1,36867
-1,30226.1,52579
-1,29826.5,30691
-1,29426.1,88659
-1,29026.1,92018
-1,28626.2,29263
-1,28226.5,39679
-1,27826.2,50407
-1,27425.3,14486
-1,27025.5,48977
-1,26625.2,02281
-1,26225.4,78429
-1,25825.5,27676
-1,25425.4,14116
-1,25025.3,30092
-1,24625.6,02202
-1,24225.5,68354
-1,23825.3,08696
-1,23425.1,50801
-1,23025.5,66915
-1,22625.4,13899
-1,22224.4,86691
-1,21824.4,09995
-1,21424.3,03070
-1,21024.2,36457
-1,20624.3,46252
-1,20224.2,23704
-1,19824.6,05298
-1,19424.1,79717
-1,19024.4,52873
-1,18624.2,46505
-1,18224.1,93877
-1,17824.2,55513
-1,17423.5,87569
-1,17023.2,05022
-1,16623.3,77342
-1,16223.5,18772
-1,15823.2,85927
-1,15423.5,12022
-1,15023.1,90275
-1,14623.5,70895
-1,14223.4,74445
-1,13823.5,93869
-1,13423.4,55589
-1,13023.2,83862
-1,12623.4,68631
-1,12222.5,70883
-1,11822.4,49084
-1,11422.3,24993
-1,11022.6,13759
-1,10622.4,04764
-1,10222.5,04346
-1,09822.5,97436
-1,09422.3,66729
-1,09022.5,41386
-1,08622.2,48315
-1,08222.3,08086
-1,07822.3,02624
-1,07421.2,84792
-1,07021.1,21875
-1,06621.3,46147
-1,06221.4,66333
-1,05821.4,48074
-1,05421.2,20192
-1,05021.2,51958
-1,04621.1,43895
-1,04221.3,39979
-1,03821.4,57487
-1,03421.2,86809
-1,03021.5,39889
-1,02621.3,63125
-1,02220.3,03987
-1,01820.3,47918
-1,01420.4,85165
-1,01020.3,39352
-1,00620.3,44871
-1,00220.4,66280
-0,99820.2,11990
-0,99420.2,24373
-0,99020.2,69510
-0,98620.4,28500
-0,98220.4,99683
-0,97820.5,56737
-0,97419.5,60532
-0,97019.4,45574
-0,96619.5,52779
-0,96219.1,60566
-0,95819.4,29203
-0,95419.5,34095
-0,95019.1,36052
-0,94619.2,06619
-0,94219.3,71493
-0,93819.1,26734
-0,93419.1,31100
-0,93019.1,74780
-0,92619.3,29922
-0,92218.5,83279
-0,91818.4,43588
-0,91418.6,15965
-0,91018.2,46315
-0,90618.3,46919
-0,90218.5,36419
-0,89818.1,65557
-0,89418.5,19543
-0,89018.4,54582
-0,88618.1,57225
-0,88218.2,24836
-0,87818.1,29842
-0,87417.2,11774
-0,87017.3,73988
-0,86617.4,01847
-0,86217.1,75228
-0,85817.1,48429
-0,85417.2,00369
-0,85017.1,48549
-0,84617.1,38262
-0,84217.3,54397
-0,83817.3,82966
-0,83417.1,57973
-0,83017.5,25029
-0,82617.1,51882
-0,82216.5,05692
-0,81816.1,91886
-0,81416.2,15466
-0,81016.5,53411
-0,80616.1,37742
-0,80216.5,66532
-0,79816.3,23940
-0,79416.5,36521
-0,79016.4,55858
-0,78616.2,35895
-0,78216.4,89097
-0,77816.2,80002
-0,77415.5,38705
-0,77015.3,67839
-0,76615.5,06830
-0,76215.4,78638
-0,75815.2,46791
-0,75415.3,58274
-0,75015.3,03674
-0,74615.6,17189
-0,74215.5,16182
-0,73815.4,64133
-0,73415.5,64412
-0,73015.5,23407
-0,72615.2,50934
-0,72214.2,74919
-0,71814.2,13935
-0,71414.3,39289
-0,71014.4,11997
-0,70614.3,30388
-0,70214.1,93053
-0,69814.5,79813
-0,69414.4,93213
-0,69014.1,90168
-0,68614.3,47103
-0,68214.4,44574
-0,67814.3,76734
-0,67413.6,37557
-0,67013.4,68210
-0,66613.2,78273
-0,66213.3,25288
-0,65813.5,14326
-0,65413.4,96297
-0,65013.2,45959
-0,64613.5,00027
-0,64213.3,63726
-0,63813.2,08584
-0,63413.3,54833
-0,63013.4,82881
-0,62613.5,98046
-0,62212.1,93337
-0,61812.4,62987
-0,61412.4,30426
-0,61012.3,49671
-0,60612.2,73213
-0,60212.6,19008
-0,59812.6,07460
-0,59412.4,85955
-0,59012.2,40060
-0,58612.4,82321
-0,58212.2,34051
-0,57812.5,74531
-0,57411.4,25637
-0,57011.3,67275
-0,56611.6,36732
-0,56211.5,36380
-0,55811.1,91159
-0,55411.4,45892
-0,55011.6,32949
-0,54611.2,89951
-0,54211.4,78215
-0,53811.5,37952
-0,53411.4,94568
-0,53011.5,94067
-0,52611.2,51529
-0,52210.3,93434
-0,51810.4,95748
-0,51410.1,50488
-0,51010.2,42428
-0,50610.1,93346
-0,50210.1,67770
-0,49810.2,24784
-0,49410.1,92671
-0,49010.2,74455
-0,48610.5,65520
-0,48210.2,21110
-0,47810.1,95945
-0,47409.3,32460
-0,47009.4,97711
-0,46609.6,17452
-0,46209.3,97900
-0,45809.2,41167
-0,45409.1,72641
-0,45009.4,48785
-0,44609.3,10053
-0,44209.4,77312
-0,43809.1,79276
-0,43409.5,56460
-0,43009.5,88471
-0,42609.6,31240
-0,42208.5,09243
-0,41808.5,17157
-0,41408.6,31463
-0,41008.5,45464
-0,40608.4,30984
-0,40208.6,12668
-0,39808.5,87671
-0,39408.1,61516
-0,39008.2,54802
-0,38608.1,80260
-0,38208.3,26792
-0,37808.3,23019
-0,37407.2,33089
-0,37007.3,44943
-0,36607.1,65376
-0,36207.6,18848
-0,35807.5,48419
-0,35407.6,44383
-0,35007.5,14170
-0,34607.5,77516
-0,34207.2,57042
-0,33807.1,61173
-0,33407.4,66534
-0,33007.6,37494
-0,32607.6,34644
-0,32206.5,75930
-0,31806.5,60901
-0,31406.5,21771
-0,31006.5,13181
-0,30606.2,06288
-0,30206.1,74852
-0,29806.4,95390
-0,29406.6,10019
-0,29006.2,13427
-0,28606.2,84922
-0,28206.4,35200
-0,27806.6,16100
-0,27405.4,44107
-0,27005.2,66167
-0,26605.5,22756
-0,26205.3,87827
-0,25805.5,72142
-0,25405.2,04473
-0,25005.6,24523
-0,24605.5,65893
-0,24205.2,53454
-0,23805.4,40223
-0,23405.5,17483
-0,23005.6,13669
-0,22605.3,21009
-0,22204.4,93491
-0,21804.3,59922
-0,21404.2,74531
-0,21004.2,78640
-0,20604.3,58380
-0,20204.1,73361
-0,19804.2,06015
-0,19404.6,69156
-0,19004.5,33331
-0,18604.2,51210
-0,18204.4,58743
-0,17804.3,29198
-0,17403.3,76439
-0,17003.5,20518
-0,16603.5,66377
-0,16203.3,95446
-0,15803.5,44342
-0,15403.2,16109
-0,15003.2,19493
-0,14603.4,98865
-0,14203.4,58154
-0,13803.3,82141
-0,13403.2,40803
-0,13003.3,16684
-0,12603.5,41789
-0,12202.6,57213
-0,11802.2,18796
-0,11402.4,91529
-0,11002.5,92697
-0,10602.5,68847
-0,10202.4,53026
-0,09802.3,40742
-0,09402.5,05420
-0,09002.6,53504
-0,08602.6,09908
-0,08202.1,95865
-0,07802.4,48726
-0,07401.4,78222
-0,07001.3,95901
-0,06601.4,12473
-0,06201.4,84127
-0,05801.5,28256
-0,05401.4,67273
-0,05001.4,79914
-0,04601.4,67133
-0,04201.2,60503
-0,03801.2,73839
-0,03401.5,69874
-0,03001.4,35723
-0,02601.2,23604
-0,02200.2,61534
-0,01800.4,38051
-0,01400.3,85697
-0,01000.2,43787
-0,00600.5,08679
-0,00200.5,46766
0,00200.4,65399
0,00600.6,09963
0,01000.3,49980
0,01400.2,78613
0,01800.3,32286
0,02200.6,38386
0,02601.2,13459
0,03001.4,82123
0,03401.5,62157
0,03801.2,34908
0,04201.3,39458
0,04601.3,29734
0,05001.5,39302
0,05401.4,30765
0,05801.1,99752
0,06201.3,80605
0,06601.5,13108
0,07001.4,99722
0,07401.4,10871
0,07802.5,32866
0,08202.4,07594
0,08602.3,47642
0,09002.2,93820
0,09402.6,30721
0,09802.5,57418
0,10202.6,41884
0,10602.3,41098
0,11002.4,89020
0,11402.3,45428
0,11802.4,45876
0,12202.3,05612
0,12603.5,73487
0,13003.2,13486
0,13403.6,54309
0,13803.5,94795
0,14203.5,02018
0,14603.6,46003
0,15003.5,13558
0,15403.5,96568
0,15803.4,90472
0,16203.4,35457
0,16603.3,89545
0,17003.3,84072
0,17403.2,46285
0,17804.4,19398
0,18204.3,47451
0,18604.5,87475
0,19004.3,24445
0,19404.6,43531
0,19804.6,47265
0,20204.3,62773
0,20604.6,28169
0,21004.4,21873
0,21404.3,94087
0,21804.4,76229
0,22204.4,59062
0,22605.6,25647
0,23005.4,27735
0,23405.4,62789
0,23805.2,15260
0,24205.2,89553
0,24605.2,52325
0,25005.5,69168
0,25405.5,82785
0,25805.4,39000
0,26205.5,81586
0,26605.2,09432
0,27005.3,80818
0,27405.4,91059
0,27806.4,46399
0,28206.5,36002
0,28606.4,02998
0,29006.3,60817
0,29406.2,12853
0,29806.3,76462
0,30206.2,11557
0,30606.6,04931
0,31006.2,13716
0,31406.4,12212
0,31806.3,00566
0,32206.6,25241
0,32607.4,63268
0,33007.4,64413
0,33407.4,13162
0,33807.4,40409
0,34207.2,66810
0,34607.3,51533
0,35007.5,18540
0,35407.2,59702
0,35807.6,42017
0,36207.4,03186
0,36607.2,31688
0,37007.2,15730
0,37407.5,16731
0,37808.5,85996
0,38208.2,78660
0,38608.5,74598
0,39008.6,02980
0,39408.5,09066
0,39808.2,90275
0,40208.3,05530
0,40608.5,06445
0,41008.3,95993
0,41408.6,74697
0,41808.3,04735
0,42208.6,32785
0,42609.2,50448
0,43009.3,11267
0,43409.2,72379
0,43809.3,21342
0,44209.5,12902
0,44609.3,44532
0,45009.5,85803
0,45409.3,81341
0,45809.6,83648
0,46209.3,45596
0,46609.6,03441
0,47009.2,98800
0,47409.2,88209
0,47810.5,64065
0,48210.6,88987
0,48610.2,75010
0,49010.4,77850
0,49410.3,81901
0,49810.5,04864
0,50210.6,02657
0,50610.3,39806
0,51010.5,62256
0,51410.6,51638
0,51810.6,58736
0,52210.5,68290
0,52611.3,34246
0,53011.6,21846
0,53411.4,11612
0,53811.6,59621
0,54211.6,44761
0,54611.5,06669
0,55011.5,75822
0,55411.6,12765
0,55811.6,90727
0,56211.3,87635
0,56611.3,13367
0,57011.6,78806
0,57411.6,28718
0,57812.4,22495
0,58212.5,45044
0,58612.6,84278
0,59012.3,52872
0,59412.6,98338
0,59812.2,33484
0,60212.4,61944
0,60612.3,06767
0,61012.2,56841
0,61412.3,07091
0,61812.4,56850
0,62212.3,02101
0,62613.3,41314
0,63013.5,91510
0,63413.4,40474
0,63813.3,99415
0,64213.3,51943
0,64613.6,54102
0,65013.4,92823
0,65413.6,28698
0,65813.2,55110
0,66213.5,10122
0,66613.3,05636
0,67013.4,81346
0,67413.3,05408
0,67814.6,48682
0,68214.6,89230
0,68614.2,60861
0,69014.2,99162
0,69414.2,56910
0,69814.3,77598
0,70214.5,82312
0,70614.6,97676
0,71014.3,59885
0,71414.3,73656
0,71814.2,94809
0,72214.2,83327
0,72615.4,83540
0,73015.6,80542
0,73415.3,09208
0,73815.6,93578
0,74215.2,39816
0,74615.3,42945
0,75015.4,74265
0,75415.4,96356
0,75815.2,76120
0,76215.4,61246
0,76615.5,03660
0,77015.3,11758
0,77415.4,83527
0,77816.3,35652
0,78216.2,95237
0,78616.4,38500
0,79016.3,90198
0,79416.2,43539
0,79816.5,79995
0,80216.6,32714
0,80616.4,63646
0,81016.3,88423
0,81416.7,23333
0,81816.4,24191
0,82216.5,78283
0,82617.3,08837
0,83017.6,23211
0,83417.5,42450
0,83817.3,27477
0,84217.5,74262
0,84617.4,02980
0,85017.5,94375
0,85417.4,15094
0,85817.6,03377
0,86217.6,07453
0,86617.5,54111
0,87017.3,67976
0,87417.4,41536
0,87818.2,48130
0,88218.5,57138
0,88618.3,84392
0,89018.3,07719
0,89418.6,83746
0,89818.7,07772
0,90218.3,94277
0,90618.4,60587
0,91018.6,50856
0,91418.6,47023
0,91818.4,77511
0,92218.6,87678
0,92619.7,13884
0,93019.4,30493
0,93419.5,33578
0,93819.6,49360
0,94219.6,19937
0,94619.5,44035
0,95019.3,33933
0,95419.3,23152
0,95819.6,93222
0,96219.5,49338
0,96619.3,15730
0,97019.5,43061
0,97419.3,75381
0,97820.5,44499
0,98220.4,65375
0,98620.4,51807
0,99020.5,88810
0,99420.6,15379
0,99820.5,48288
1,00220.6,31715
1,00620.6,43639
1,01020.6,36990
1,01420.5,31291
1,01820.5,01188
1,02220.5,98660
1,02621.2,74466
1,03021.6,51059
1,03421.2,63024
1,03821.2,99438
1,04221.2,46701
1,04621.4,63369
1,05021.4,39480
1,05421.4,52807
1,05821.4,82406
1,06221.6,15219
1,06621.6,81883
1,07021.5,11930
1,07421.6,48828
1,07822.6,93812
1,08222.7,01071
1,08622.6,90735
1,09022.3,45926
1,09422.7,41632
1,09822.5,78143
1,10222.2,95066
1,10622.4,38387
1,11022.5,31448
1,11422.6,48362
1,11822.7,13115
1,12222.6,45385
1,12623.4,79006
1,13023.3,55949
1,13423.5,80067
1,13823.4,94441
1,14223.7,44151
1,14623.5,77071
1,15023.3,71072
1,15423.4,04004
1,15823.2,67519
1,16223.3,58942
1,16623.5,05560
1,17023.3,23249
1,17423.5,71810
1,17824.6,89441
1,18224.2,86295
1,18624.6,71950
1,19024.5,75989
1,19424.4,14824
1,19824.7,41203
1,20224.4,61622
1,20624.4,36927
1,21024.4,96694
1,21424.6,12630
1,21824.5,20376
1,22224.3,75966
1,22625.3,34520
1,23025.6,51773
1,23425.4,65267
1,23825.6,98354
1,24225.3,39077
1,24625.4,75855
1,25025.4,17338
1,25425.3,85172
1,25825.5,48890
1,26225.2,95219
1,26625.4,65526
1,27025.3,16347
1,27425.3,76200
1,27826.4,75422
1,28226.5,46518
1,28626.5,39961
1,29026.3,24339
1,29426.6,21069
1,29826.3,29163
1,30226.3,43527
1,30626.6,63613
1,31026.5,99224
1,31426.4,39023
1,31826.7,37592
1,32226.4,77138
1,32627.2,66768
1,33027.7,14915
1,33427.6,87860
1,33827.3,93215
1,34227.5,17724
1,34627.6,89233
1,35027.4,30442
1,35427.3,29660
1,35827.6,15907
1,36227.5,25343
1,36627.4,44442
1,37027.6,65287
1,37427.7,32140
1,37828.6,48430
1,38228.5,72096
1,38628.5,13829
1,39028.4,99476
1,39428.4,72780
1,39828.2,95938
1,40228.3,97938
1,40628.6,28591
1,41028.4,59925
1,41428.4,68367
1,41828.5,04901
1,42228.7,03461
1,42629.3,07925
1,43029.5,47698
1,43429.4,45636
1,43829.4,09070
1,44229.6,67964
1,44629.6,11885
1,45029.4,40747
1,45429.6,40436
1,45829.5,65037
1,46229.4,40684
1,46629.4,14891
1,47029.2,92863
1,47429.5,47656
1,47830.2,98634
1,48230.5,52775
1,48630.5,32056
1,49030.3,47037
1,49430.3,96850
1,49830.3,68508
1,50230.4,54885
1,50630.5,76578
1,51030.6,55049
1,51430.4,89084
1,51830.6,53751
1,52230.2,96050
1,52631.5,15114
1,53031.4,81398
1,53431.5,79157
1,53831.5,96253
1,54231.4,03394
1,54631.3,19305
1,55031.3,46243
1,55431.5,39129
1,55831.4,40604
1,56231.7,65475
1,56631.5,09613
1,57031.4,92126
1,57431.6,54484
1,57832.7,60972
1,58232.4,32470
1,58632.5,88572
1,59032.3,01936
1,59432.7,28875
1,59832.5,65068
1,60232.4,99672
1,60632.4,80072
1,61032.2,96576
1,61432.6,25059
1,61832.5,36609
1,62232.4,16027
1,62633.5,37170
1,63033.6,20186
1,63433.5,38468
1,63833.4,21182
1,64233.5,40183
1,64633.3,05533
1,65033.2,78434
1,65433.4,15930
1,65833.4,06123
1,66233.7,31219
1,66633.4,23848
1,67033.4,53698
1,67433.5,11789
1,67834.6,56960
1,68234.3,94206
1,68634.2,92285
1,69034.6,97385
1,69434.6,36805
1,69834.4,68227
1,70234.5,57226
1,70634.3,03710
1,71034.5,51993
1,71434.3,01633
1,71834.4,68978
1,72234.4,13762
1,72635.3,90691
1,73035.4,07655
1,73435.7,17213
1,73835.7,37161
1,74235.3,21563
1,74635.3,12253
1,75035.3,86242
1,75435.3,72012
1,75835.4,83299
1,76235.4,06928
1,76635.7,38059
1,77035.6,77655
1,77435.3,04626
1,77836.3,99739
1,78236.3,88342
1,78636.4,43170
1,79036.5,22355
1,79436.4,03721
1,79836.7,47579
1,80236.4,22585
1,80636.5,56446
1,81036.5,18345
1,81436.5,73136
1,81836.2,86111
1,82236.5,64897
1,82637.6,30367
1,83037.4,45806
1,83437.3,23615
1,83837.5,66466
1,84237.4,48090
1,84637.7,59583
1,85037.6,35368
1,85437.3,42332
1,85837.7,48714
1,86237.4,54754
1,86637.6,25638
1,87037.2,98856
1,87437.4,04032
1,87838.5,68739
1,88238.3,95951
1,88638.5,75439
1,89038.7,74618
1,89438.3,70950
1,89838.3,58995
1,90238.7,06840
1,90638.6,45906
1,91038.2,94724
1,91438.7,30452
1,91838.4,89820
1,92238.6,24629
1,92639.6,17041
1,93039.7,72180
1,93439.4,45775
1,93839.5,33696
1,94239.4,11449
1,94639.3,25879
1,95039.3,41190
1,95439.3,56272
1,95839.5,50528
1,96239.5,62136
1,96639.3,22063
1,97039.6,39871
1,97439.4,63028
1,97840.6,77619
1,98240.6,85804
1,98640.4,75205
1,99040.6,37201
1,99440.4,07549
1,99840.3,23748
2,00240.7,77304
2,00640.7,01867
2,01040.7,71275
2,01440.3,91148
2,01840.5,17357
2,02240.4,05947
2,02641.7,75906
2,03041.7,27113
2,03441.3,29500
2,03841.4,41417
2,04241.7,08947
2,04641.4,77121
2,05041.4,34364
2,05441.4,37267
2,05841.4,56137
2,06241.7,04264
2,06641.7,23611
2,07041.5,91493
2,07441.5,07879
2,07842.4,08885
2,08242.5,46921
2,08642.3,23072
2,09042.4,48663
2,09442.3,34253
2,09842.5,50135
2,10242.4,90874
2,10642.6,14789
2,11042.7,69746
2,11442.6,30506
2,11842.6,08662
2,12242.4,70443
2,12643.6,27618
2,13043.7,63143
2,13443.6,11514
2,13843.7,32658
2,14243.5,56745
2,14643.6,22478
2,15043.5,63305
2,15443.7,74242
2,15843.6,35216
2,16243.4,62826
2,16643.6,79239
2,17043.4,36877
2,17443.5,65664
2,17844.4,63197
2,18244.5,00470
2,18644.5,79851
2,19044.4,14804
2,19444.3,35157
2,19844.4,16052
2,20244.4,47271
2,20644.3,35551
2,21044.4,41311
2,21444.6,65800
2,21844.7,94426
2,22244.3,10321
2,22645.5,76540
2,23045.5,03001
2,23445.7,35469
2,23845.5,71442
2,24245.7,40361
2,24645.4,29816
2,25045.4,94932
2,25445.7,92981
2,25845.7,50104
2,26245.7,31398
2,26645.5,99140
2,27045.7,12089
2,27445.6,52051
2,27846.3,13797
2,28246.6,49736
2,28646.4,87694
2,29046.7,67910
2,29446.3,59665
2,29846.3,16735
2,30246.7,37359
2,30646.3,47394
2,31046.6,79338
2,31446.3,86881
2,31846.7,15885
2,32246.7,80408
2,32647.3,51034
2,33047.4,47561
2,33447.6,39041
2,33847.3,19740
2,34247.3,30930
2,34647.4,20887
2,35047.4,78837
2,35447.7,49425
2,35847.5,80690
2,36247.5,83972
2,36647.3,32170
2,37047.7,87269
2,37447.3,71454
2,37848.3,06194
2,38248.4,24004
2,38648.7,89684
2,39048.4,44651
2,39448.7,70669
2,39848.3,06928
2,40248.6,85183
2,40648.5,66969
2,41048.3,57833
2,41448.4,94501
2,41848.7,49234
2,42248.7,58724
2,42649.4,93242
2,43049.7,83087
2,43449.3,72695
2,43849.5,02488
2,44249.7,29322
2,44649.5,08788
2,45049.4,31171
2,45449.5,97694
2,45849.5,56585
2,46249.4,26945
2,46649.7,55466
2,47049.6,18084
2,47449.6,43911
2,47850.3,97036
2,48250.4,44160
2,48650.3,16310
2,49050.5,80747
2,49450.4,97555
2,49850.7,48007
2,50250.4,84794
2,50650.4,22421
2,51050.6,67619
2,51450.6,52408
2,51850.3,82436
2,52250.4,16142
2,52651.3,70954
2,53051.3,33741
2,53451.3,40631
2,53851.4,68507
2,54251.5,59629
2,54651.5,93938
2,55051.6,70266
2,55451.6,58739
2,55851.6,43465
2,56251.6,99561
2,56651.4,58442
2,57051.4,07747
2,57451.6,47639
2,57852.7,63524
2,58252.3,31213
2,58652.5,81359
2,59052.5,99015
2,59452.5,88488
2,59852.6,31940
2,60252.6,78080
2,60652.4,57157
2,61052.6,52949
2,61452.4,18838
2,61852.7,23908
2,62252.3,66059
2,62653.6,92964
2,63053.7,01340
2,63453.3,37636
2,63853.3,54325
2,64253.5,00853
2,64653.7,08781
2,65053.6,55083
2,65453.7,87628
2,65853.7,88031
2,66253.4,20717
2,66653.7,74150
2,67053.6,46235
2,67453.3,32736
2,67854.5,06430
2,68254.5,99880
2,68654.5,19017
2,69054.7,91404
2,69454.7,80416
2,69854.4,10118
2,70254.3,59994
2,70654.5,52074
2,71054.7,66878
2,71454.3,89752
2,71854.4,39609
2,72254.6,76196
2,72655.7,62741
2,73055.3,53334
2,73455.3,26129
2,73855.3,82408
2,74255.4,48434
2,74655.3,15133
2,75055.7,07910
2,75455.4,50533
2,75855.5,81556
2,76255.6,06471
2,76655.6,52913
2,77055.5,35205
2,77455.6,54129
2,77856.3,39488
2,78256.6,51886
2,78656.5,37733
2,79056.4,60021
2,79456.3,65173
2,79856.5,90135
2,80256.4,26426
2,80656.5,74261
2,81056.6,83616
2,81456.7,62710
2,81856.3,54938
2,82256.4,70806
2,82657.4,38579
2,83057.5,57811
2,83457.3,52733
2,83857.7,76191
2,84257.4,52213
2,84657.6,27752
2,85057.3,75614
2,85457.5,87930
2,85857.5,67869
2,86257.6,71151
2,86657.5,08246
2,87057.6,00630
2,87457.4,57125
2,87858.3,61949
2,88258.3,89503
2,88658.6,38550
2,89058.6,21624
2,89458.3,20469
2,89858.6,95356
2,90258.6,62151
2,90658.3,73754
2,91058.4,09569
2,91458.6,36687
2,91858.5,74538
2,92258.3,55659
2,92659.3,09219
2,93059.5,16038
2,93459.3,18247
2,93859.4,90441
2,94259.6,02641
2,94659.4,33052
2,95059.6,23614
2,95459.5,65437
2,95859.7,95481
2,96259.7,92645
2,96659.6,19539
2,97059.3,69072
2,97459.4,17053
2,97860.3,94904
2,98260.5,81703
2,98660.7,70981
2,99060.4,49900
2,99460.6,17226
2,99860.7,86009
3,00260.7,49384
3,00660.4,96239
3,01060.3,85991
3,01460.7,68658
3,01860.5,88092
3,02260.8,06208
3,02661.3,77090
3,03061.7,93534
3,03461.7,22936
3,03861.5,04408
3,04261.7,47182
3,04661.6,34257
3,05061.6,79015
3,05461.6,47632
3,05861.5,91608
3,06261.4,97403
3,06661.5,88096
3,07061.4,34749
3,07461.4,28095
3,07862.6,30776
3,08262.7,00836
3,08662.5,60374
3,09062.5,55828
3,09462.7,60355
3,09862.5,37974
3,10262.6,97770
3,10662.4,51358
3,11062.3,17817
3,11462.4,98418
3,11862.5,62410
3,12262.7,67383
3,12663.3,48065
3,13063.3,38951
3,13463.5,46644
3,13863.5,52396
3,14263.5,86733
3,14663.5,49179
3,15063.5,70994
3,15463.6,93376
3,15863.6,03015
3,16263.3,68325
3,16663.3,65109
3,17063.5,20892
3,17463.6,57141
3,17864.5,29138
3,18264.4,04912
3,18664.6,16144
3,19064.5,32925
3,19464.4,73594
3,19864.7,04066
3,20264.5,39974
3,20664.6,12971
3,21064.6,45949
3,21464.3,53949
3,21864.3,53339
3,22264.7,19557
3,22665.5,70455
3,23065.5,20306
3,23465.5,25444
3,23865.4,94111
3,24265.6,66111
3,24665.5,24443
3,25065.7,53659
3,25465.4,25323
3,25865.6,35000
3,26265.4,70658
3,26665.7,23753
3,27065.5,53596
3,27465.6,28702
3,27866.6,45587
3,28266.5,00627
3,28666.3,34602
3,29066.6,29132
3,29466.4,52380
3,29866.3,77088
3,30266.7,60358
3,30666.7,49210
3,31066.3,38374
3,31466.4,06040
3,31866.6,27272
3,32266.7,73221
3,32667.4,18240
3,33067.4,59393
3,33467.4,24341
3,33867.7,81239
3,34267.6,26906
3,34667.6,49183
3,35067.3,94954
3,35467.4,35327
3,35867.3,43432
3,36267.5,20997
3,36667.5,97988
3,37067.6,12631
3,37467.7,63536
3,37868.4,73277
3,38268.7,67718
3,38668.8,06562
3,39068.7,64664
3,39468.3,88815
3,39868.6,39166
3,40268.4,03912
3,40668.4,73308
3,41068.5,28832
3,41468.4,08015
3,41868.4,35611
3,42268.5,74110
3,42669.6,47706
3,43069.7,03078
3,43469.7,99368
3,43869.3,84960
3,44269.4,13536
3,44669.4,60118
3,45069.3,95632
3,45469.3,78956
3,45869.6,89136
3,46269.6,36358
3,46669.6,90440
3,47069.4,62781
3,47469.3,94478
3,47870.4,67733
3,48270.4,38374
3,48670.6,56535
3,49070.5,87836
3,49470.5,77007
3,49870.6,83836
3,50270.3,30764
3,50670.7,42118
3,51070.6,23792
3,51470.3,43800
3,51870.7,20391
3,52270.6,87676
3,52671.7,02653
3,53071.5,34645
3,53471.4,03042
3,53871.6,40163
3,54271.4,28781
3,54671.6,37011
3,55071.4,12123
3,55471.5,65609
3,55871.5,58996
3,56271.5,45762
3,56671.6,75390
3,57071.7,69428
3,57471.7,72389
3,57872.5,37094
3,58272.6,76377
3,58672.4,18329
3,59072.3,71880
3,59472.6,99696
3,59872.6,96661
3,60272.3,13218
3,60672.7,74547
3,61072.3,36881
3,61472.4,98644
3,61872.6,28981
3,62272.3,99402
3,62673.3,23897
3,63073.4,17894
3,63473.3,46205
3,63873.6,66910
3,64273.5,87825
3,64673.7,12940
3,65073.4,96405
3,65473.5,10639
3,65873.3,37894
3,66273.5,95503
3,66673.7,09653
3,67073.7,06229
3,67473.5,92217
3,67874.5,71067
3,68274.3,66405
3,68674.3,83136
3,69074.7,52187
3,69474.5,22237
3,69874.6,60656
3,70274.3,79174
3,70674.5,10799
3,71074.3,75768
3,71474.7,82732
3,71874.4,06144
3,72274.5,58589
3,72675.5,67135
3,73075.7,84592
3,73475.5,68690
3,73875.5,21607
3,74275.3,11507
3,74675.3,50725
3,75075.6,07682
3,75475.5,79197
3,75875.4,30466
3,76275.5,07525
3,76675.4,60807
3,77075.5,24321
3,77475.3,77078
3,77876.4,27170
3,78276.5,46402
3,78676.4,74275
3,79076.4,72571
3,79476.7,93657
3,79876.7,09052
3,80276.5,61506
3,80676.7,47137
3,81076.6,37430
3,81476.5,45581
3,81876.3,90104
3,82276.3,83770
3,82677.6,00851
3,83077.6,49464
3,83477.5,71999
3,83877.4,30849
3,84277.6,01198
3,84677.6,60333
3,85077.7,77846
3,85477.3,69058
3,85877.3,83925
3,86277.4,60398
3,86677.6,83922
3,87077.3,03361
3,87477.3,88811
3,87878.3,39545
3,88278.7,30531
3,88678.4,68349
3,89078.5,39963
3,89478.3,63780
3,89878.6,22337
3,90278.7,85010
3,90678.6,22789
3,91078.7,01214
3,91478.6,24502
3,91878.7,05559
3,92278.7,94666
3,92679.3,46371
3,93079.3,33760
3,93479.7,79750
3,93879.7,37251
3,94279.4,49108
3,94679.3,86176
3,95079.5,13652
3,95479.5,38507
3,95879.3,59844
3,96279.7,05354
3,96679.7,86834
3,97079.3,59848
3,97479.4,66456
3,97880.6,41741
3,98280.6,84284
3,98680.7,87776
3,99080.3,20925
3,99480.7,21961
3,99880.4,49696
4,00280.6,12909
4,00680.7,91931
4,01080.7,84115
4,01480.3,92806
4,01880.7,87346
4,02280.6,35753
4,02681.6,86840
4,03081.7,31793
4,03481.4,68935
4,03881.5,33259
4,04281.5,38025
4,04681.7,15130
4,05081.5,53484
4,05481.3,27647
4,05881.6,21306
4,06281.3,85512
4,06681.5,93348
4,07081.5,64959
4,07481.5,69143
4,07882.3,89545
4,08282.3,47818
4,08682.3,13637
4,09082.5,51350
4,09482.5,90474
4,09882.5,50873
4,10282.3,53171
4,10682.4,27403
4,11082.3,90138
4,11482.7,68801
4,11882.4,76956
4,12282.7,37479
4,12683.4,59027
4,13083.6,36123
4,13483.4,57097
4,13883.5,22456
4,14283.6,48291
4,14683.7,40683
4,15083.4,31502
4,15483.4,54249
4,15883.5,74750
4,16283.4,30010
4,16683.4,97418
4,17083.7,19045
4,17483.7,51814
4,17884.6,11074
4,18284.5,84381
4,18684.3,35062
4,19084.5,85259
4,19484.6,74492
4,19884.2,93735
4,20284.7,48665
4,20684.5,01888
4,21084.6,36516
4,21484.4,94438
4,21884.5,07580
4,22284.5,99962
4,22685.6,78098
4,23085.4,74272
4,23485.3,98850
4,23885.7,01653
4,24285.6,13377
4,24685.7,84207
4,25085.4,96643
4,25485.6,41621
4,25885.7,07199
4,26285.3,32400
4,26685.6,03683
4,27085.6,01013
4,27485.5,87326
4,27886.3,53174
4,28286.7,29885
4,28686.4,73254
4,29086.3,64698
4,29486.4,92267
4,29886.2,90465
4,30286.3,61988
4,30686.6,74120
4,31086.7,32626
4,31486.4,11960
4,31886.4,86568
4,32286.7,72862
4,32687.5,33477
4,33087.5,66891
4,33487.7,80931
4,33887.5,29651
4,34287.5,10613
4,34687.5,76689
4,35087.3,98146
4,35487.4,33703
4,35887.4,98174
4,36287.5,49000
4,36687.5,85522
4,37087.3,99233
4,37487.5,75626
4,37888.7,19432
4,38288.6,23246
4,38688.6,45039
4,39088.7,67115
4,39488.7,46606
4,39888.3,19846
4,40288.7,06974
4,40688.7,17104
4,41088.7,09291
4,41488.7,49190
4,41888.4,16592
4,42288.5,87098
4,42689.4,55047
4,43089.5,79235
4,43489.4,16777
4,43889.6,96702
4,44289.4,38187
4,44689.5,93648
4,45089.6,86418
4,45489.3,12286
4,45889.3,40839
4,46289.4,82940
4,46689.5,44612
4,47089.6,14972
4,47489.3,55780
4,47890.5,46578
4,48290.4,43309
4,48690.4,58108
4,49090.7,58360
4,49490.6,68569
4,49890.7,42737
4,50290.6,88973
4,50690.5,32047
4,51090.3,96518
4,51490.2,90456
4,51890.6,39922
4,52290.3,50238
4,52691.4,51948
4,53091.6,33845
4,53491.7,53889
4,53891.2,80727
4,54291.5,86067
4,54691.3,56330
4,55091.3,13576
4,55491.6,36625
4,55891.3,06787
4,56291.3,96185
4,56691.6,31761
4,57091.3,41028
4,57491.7,25873
4,57892.3,92445
4,58292.3,59427
4,58692.3,02484
4,59092.7,37461
4,59492.5,61865
4,59892.3,04569
4,60292.5,74540
4,60692.3,21543
4,61092.2,95370
4,61492.5,82594
4,61892.6,70415
4,62292.5,95917
4,62693.3,89542
4,63093.5,81161
4,63493.3,41591
4,63893.3,91191
4,64293.5,27353
4,64693.7,44317
4,65093.6,96725
4,65493.6,62548
4,65893.2,86512
4,66293.4,51428
4,66693.4,28054
4,67093.2,85853
4,67493.7,26913
4,67894.2,77718
4,68294.4,50781
4,68694.6,33142
4,69094.6,46625
4,69494.7,54000
4,69894.6,63853
4,70294.4,04589
4,70694.5,69955
4,71094.5,36150
4,71494.5,28744
4,71894.5,13620
4,72294.3,42970
4,72695.4,52880
4,73095.4,28659
4,73495.7,47258
4,73895.6,72872
4,74295.6,63237
4,74695.7,65932
4,75095.4,77623
4,75495.3,61672
4,75895.4,75044
4,76295.2,85484
4,76695.7,50133
4,77095.3,93144
4,77495.3,17495
4,77896.4,83679
4,78296.3,69166
4,78696.6,40472
4,79096.4,31235
4,79496.7,10522
4,79896.5,89179
4,80296.5,29898
4,80696.5,77842
4,81096.6,37590
4,81496.3,32064
4,81896.7,10386
4,82296.5,89280
4,82697.4,98608
4,83097.5,70574
4,83497.5,65031
4,83897.7,06049
4,84297.5,56794
4,84697.3,75346
4,85097.5,29854
4,85497.7,00023
4,85897.5,72635
4,86297.3,53773
4,86697.4,65566
4,87097.2,62416
4,87497.6,47312
4,87898.3,80938
4,88298.6,37083
4,88698.6,62073
4,89098.7,23185
4,89498.3,45846
4,89898.6,31951
4,90298.3,29923
4,90698.6,58905
4,91098.2,62040
4,91498.6,46980
4,91898.3,30545
4,92298.4,35648
4,92699.6,60760
4,93099.6,92894
4,93499.6,10556
4,93899.6,31119
4,94299.3,97376
4,94699.4,83655
4,95099.3,26757
4,95499.6,96167
4,95899.5,47581
4,96299.4,60491
4,96699.2,57000
4,97099.6,07842
4,97499.5,80506
4,97900.6,39739
4,98300.3,03342
4,98700.5,95188
4,99100.4,56717
4,99500.5,54027
4,99900.4,72510
5,00300.6,35381
5,00700.7,47711
5,01100.7,53465
5,01500.4,49285
5,01900.7,33952
5,02300.5,74600
5,02701.3,57245
5,03101.3,41751
5,03501.5,40626
5,03901.5,31318
5,04301.5,03024
5,04701.3,90383
5,05101.7,47256
5,05501.4,59822
5,05901.3,62117
5,06301.3,40591
5,06701.5,24745
5,07101.6,29214
5,07502.5,28006
5,07902.3,57147
5,08302.5,75853
5,08702.3,09288
5,09102.4,38281
5,09502.4,47252
5,09902.3,46114
5,10302.6,88883
5,10702.6,95984
5,11102.5,11309
5,11502.2,91649
5,11902.5,03245
5,12302.5,78830
5,12703.5,13940
5,13103.6,12694
5,13503.2,55988
5,13903.6,52153
5,14303.4,15338
5,14703.2,97934
5,15103.2,73729
5,15503.5,91212
5,15903.5,51233
5,16303.4,16090
5,16703.3,18680
5,17103.6,97119
5,17504.3,93385
5,17904.7,14782
5,18304.2,80041
5,18704.2,62066
5,19104.7,22254
5,19504.4,25704
5,19904.3,46905
5,20304.5,01889
5,20704.3,81658
5,21104.5,17319
5,21504.5,66384
5,21904.2,53921
5,22304.7,23703
5,22705.2,83792
5,23105.3,03101
5,23505.5,00579
5,23905.7,11293
5,24305.6,23134
5,24705.5,12797
5,25105.3,05252
5,25505.3,25501
5,25905.6,05939
5,26305.4,83858
5,26705.6,94455
5,27105.4,34158
5,27506.6,74487
5,27906.3,15314
5,28306.4,45361
5,28706.2,79467
5,29106.3,34619
5,29506.3,18447
5,29906.3,15601
5,30306.6,85123
5,30706.6,98798
5,31106.6,43569
5,31506.2,83283
5,31906.6,61039
5,32306.3,40062
5,32707.6,67644
5,33107.2,59756
5,33507.6,73509
5,33907.2,58828
5,34307.4,46348
5,34707.4,70280
5,35107.5,20616
5,35507.6,20674
5,35907.5,46646
5,36307.2,81475
5,36707.4,33164
5,37107.6,57596
5,37508.2,73173
5,37908.3,79435
5,38308.6,45340
5,38708.5,90311
5,39108.3,08999
5,39508.3,87488
5,39908.3,47154
5,40308.4,86415
5,40708.3,37197
5,41108.6,71413
5,41508.6,61497
5,41908.4,75282
5,42308.3,68541
5,42709.6,93900
5,43109.3,51547
5,43509.2,32342
5,43909.3,80718
5,44309.4,86191
5,44709.7,30496
5,45109.6,87160
5,45509.5,12078
5,45909.7,07173
5,46309.6,58841
5,46709.4,03988
5,47109.6,33980
5,47510.7,14469
5,47910.3,83029
5,48310.6,63190
5,48710.6,12890
5,49110.6,46935
5,49510.2,82604
5,49910.5,30508
5,50310.3,09940
5,50710.6,93474
5,51110.4,95503
5,51510.2,28290
5,51910.5,60176
5,52310.5,78200
5,52711.6,55651
5,53111.5,35715
5,53511.7,24163
5,53911.5,80982
5,54311.3,32047
5,54711.4,98879
5,55111.2,31086
5,55511.3,60200
5,55911.5,94570
5,56311.5,27200
5,56711.2,56302
5,57111.3,96057
5,57512.4,95333
5,57912.3,61034
5,58312.5,13036
5,58712.4,54980
5,59112.4,56025
5,59512.3,59489
5,59912.6,58475
5,60312.3,76470
5,60712.7,07879
5,61112.7,13181
5,61512.6,91725
5,61912.6,54837
5,62312.5,90835
5,62713.3,35593
5,63113.6,11049
5,63513.6,44674
5,63913.3,01807
5,64313.6,42482
5,64713.5,28345
5,65113.4,18387
5,65513.3,96003
5,65913.2,28083
5,66313.3,37785
5,66713.5,27266
5,67113.5,99898
5,67514.5,16133
5,67914.4,19913
5,68314.7,14650
5,68714.2,68186
5,69114.3,21531
5,69514.4,17002
5,69914.2,34273
5,70314.2,67508
5,70714.5,11888
5,71114.6,05162
5,71514.2,78199
5,71914.5,46519
5,72314.2,91178
5,72715.2,61253
5,73115.3,77679
5,73515.7,05807
5,73915.4,43611
5,74315.3,50221
5,74715.3,98640
5,75115.5,60980
5,75515.5,54424
5,75915.3,79943
5,76315.5,58640
5,76715.4,47684
5,77115.6,75644
5,77516.3,31180
5,77916.6,70590
5,78316.4,08072
5,78716.5,36634
5,79116.6,55048
5,79516.2,43382
5,79916.5,29287
5,80316.6,87876
5,80716.5,38408
5,81116.2,94125
5,81516.6,44457
5,81916.5,79983
5,82316.2,96563
5,82717.6,09121
5,83117.2,16050
5,83517.3,43813
5,83917.6,81862
5,84317.3,03134
5,84717.5,59314
5,85117.2,75371
5,85517.6,22726
5,85917.7,07882
5,86317.4,33667
5,86717.4,24171
5,87117.5,49212
5,87518.2,07730
5,87918.4,14233
5,88318.5,77155
5,88718.6,83041
5,89118.6,63077
5,89518.4,52444
5,89918.6,87759
5,90318.6,94120
5,90718.6,71983
5,91118.6,24911
5,91518.2,59712
5,91918.2,65797
5,92318.4,49078
5,92719.5,42501
5,93119.3,17896
5,93519.6,06062
5,93919.5,65443
5,94319.4,06369
5,94719.5,19867
5,95119.2,93347
5,95519.3,71418
5,95919.4,58989
5,96319.2,22916
5,96719.2,10934
5,97119.4,58577
5,97520.5,87431
5,97920.4,96385
5,98320.5,29521
5,98720.5,58514
5,99120.2,82551
5,99520.2,35230
5,99920.3,06174
6,00320.2,71737
6,00720.3,21038
6,01120.6,41201
6,01520.2,33894
6,01920.4,50122
6,02320.5,69993
6,02721.3,98650
6,03121.3,13337
6,03521.4,83272
6,03921.5,74602
6,04321.5,80115
6,04721.5,07625
6,05121.2,08644
6,05521.4,49944
6,05921.6,54901
6,06321.4,35730
6,06721.3,05300
6,07121.6,34723
6,07522.6,67683
6,07922.3,54010
6,08322.4,51208
6,08722.6,28494
6,09122.2,43996
6,09522.5,56994
6,09922.5,32003
6,10322.5,91648
6,10722.3,71654
6,11122.5,45765
6,11522.6,44750
6,11922.5,39954
6,12322.2,88274
6,12723.3,29454
6,13123.2,52272
6,13523.5,06900
6,13923.6,03788
6,14323.3,59128
6,14723.2,74069
6,15123.2,05051
6,15523.4,16228
6,15923.2,83706
6,16323.5,14926
6,16723.5,09993
6,17123.6,68216
6,17524.5,79863
6,17924.6,87085
6,18324.3,31671
6,18724.4,92042
6,19124.6,10994
6,19524.2,76563
6,19924.5,99475
6,20324.5,58824
6,20724.3,73201
6,21124.3,63752
6,21524.5,58632
6,21924.2,58069
6,22324.3,14874
6,22725.4,55655
6,23125.6,39571
6,23525.6,57420
6,23925.6,71754
6,24325.6,50838
6,24725.2,85352
6,25125.4,17698
6,25525.2,95043
6,25925.6,55502
6,26325.4,02475
6,26725.5,35301
6,27125.6,34194
6,27526.1,98959
6,27926.3,83513
6,28326.2,46820
6,28726.4,08224
6,29126.1,83867
6,29526.2,14552
6,29926.2,23274
6,30326.6,29169
6,30726.4,35011
6,31126.5,87716
6,31526.3,90211
6,31926.5,60266
6,32326.5,07392
6,32727.2,69118
6,33127.3,39995
6,33527.2,62441
6,33927.5,73446
6,34327.2,87279
6,34727.4,37091
6,35127.2,84547
6,35527.6,31207
6,35927.3,74443
6,36327.1,83465
6,36727.5,10930
6,37127.5,44210
6,37528.6,35491
6,37928.4,57046
6,38328.1,81869
6,38728.6,16998
6,39128.5,67084
6,39528.3,29888
6,39928.4,92367
6,40328.6,08642
6,40728.2,29449
6,41128.5,82199
6,41528.1,99568
6,41928.4,98182
6,42328.2,31467
6,42729.3,53783
6,43129.4,11729
6,43529.5,66833
6,43929.3,90735
6,44329.2,61686
6,44729.3,47863
6,45129.3,06138
6,45529.4,39273
6,45929.5,89925
6,46329.5,13841
6,46729.5,15331
6,47129.6,64684
6,47530.1,92976
6,47930.2,23758
6,48330.3,94434
6,48730.5,11151
6,49130.2,37758
6,49530.3,15693
6,49930.4,24465
6,50330.3,74625
6,50730.6,12643
6,51130.3,16040
6,51530.2,85720
6,51930.5,04207
6,52330.3,29978
6,52731.4,46468
6,53131.3,42826
6,53531.3,66423
6,53931.3,89999
6,54331.2,31199
6,54731.4,84386
6,55131.3,43653
6,55531.1,93587
6,55931.4,42558
6,56331.2,73361
6,56731.6,20617
6,57131.4,98227
6,57532.3,13443
6,57932.2,31820
6,58332.2,38131
6,58732.6,48507
6,59132.4,59558
6,59532.2,35953
6,59932.2,31546
6,60332.3,91143
6,60732.4,58831
6,61132.4,59236
6,61532.4,12497
6,61932.5,46338
6,62332.4,24352
6,62733.4,32969
6,63133.6,18968
6,63533.3,14439
6,63933.5,38646
6,64333.4,38986
6,64733.5,16395
6,65133.4,49116
6,65533.4,74629
6,65933.6,58506
6,66333.4,00676
6,66733.2,55174
6,67133.2,61896
6,67534.3,25652
6,67934.1,93559
6,68334.6,10636
6,68734.5,57917
6,69134.4,59840
6,69534.3,06003
6,69934.5,22081
6,70334.6,36576
6,70734.1,62904
6,71134.2,32441
6,71534.2,87146
6,71934.5,10575
6,72334.6,39717
6,72735.3,56037
6,73135.1,95260
6,73535.2,45769
6,73935.1,59328
6,74335.2,41750
6,74735.6,17849
6,75135.2,32716
6,75535.6,04549
6,75935.5,73847
6,76335.4,25481
6,76735.3,70829
6,77135.2,06385
6,77536.4,64296
6,77936.6,29095
6,78336.3,27627
6,78736.2,76657
6,79136.4,91409
6,79536.5,76272
6,79936.2,86987
6,80336.5,16988
6,80736.3,12968
6,81136.5,30860
6,81536.1,71057
6,81936.2,91324
6,82336.1,57596
6,82737.3,86281
6,83137.4,37741
6,83537.6,42305
6,83937.2,70905
6,84337.4,08933
6,84737.2,21735
6,85137.2,99794
6,85537.1,81989
6,85937.5,21304
6,86337.2,02940
6,86737.4,89140
6,87137.5,06726
6,87538.4,08117
6,87938.2,78779
6,88338.3,92023
6,88738.2,69008
6,89138.3,40805
6,89538.3,37116
6,89938.5,59879
6,90338.2,59700
6,90738.6,33380
6,91138.4,94629
6,91538.3,67816
6,91938.4,92751
6,92338.3,14299
6,92739.5,31427
6,93139.4,96713
6,93539.1,95448
6,93939.1,70043
6,94339.2,60684
6,94739.2,07658
6,95139.2,84438
6,95539.5,22019
6,95939.4,72338
6,96339.4,40480
6,96739.5,65327
6,97139.5,71326
6,97540.2,29830
6,97940.4,27077
6,98340.5,17395
6,98740.3,25435
6,99140.2,95075
6,99540.6,33975
6,99940.4,54409
7,00340.3,22719
7,00740.6,43330
7,01140.5,69133
7,01540.3,69521
7,01940.3,45398
7,02340.4,70185
7,02741.2,49620
7,03141.3,10914
7,03541.5,02274
7,03941.2,36074
7,04341.3,52751
7,04741.6,08400
7,05141.2,12438
7,05541.5,85177
7,05941.3,84349
7,06341.3,25498
7,06741.4,80236
7,07141.4,66702
7,07542.3,76078
7,07942.2,13774
7,08342.4,69704
7,08742.3,28338
7,09142.5,32601
7,09542.4,43068
7,09942.2,46757
7,10342.5,93111
7,10742.1,61189
7,11142.1,72852
7,11542.3,68920
7,11942.5,36984
7,12342.5,45590
7,12743.4,53082
7,13143.1,93383
7,13543.5,99238
7,13943.3,43553
7,14343.5,84158
7,14743.5,05918
7,15143.6,13900
7,15543.4,76493
7,15943.6,27832
7,16343.1,59361
7,16743.4,37077
7,17143.5,50227
7,17544.6,20981
7,17944.3,81683
7,18344.6,26058
7,18744.2,80291
7,19144.6,08001
7,19544.4,81258
7,19944.1,64757
7,20344.5,22019
7,20744.5,58983
7,21144.3,97036
7,21544.5,24019
7,21944.4,74549
7,22344.4,98385
7,22745.1,92825
7,23145.2,30163
7,23545.4,77631
7,23945.2,54172
7,24345.2,09095
7,24745.3,36320
7,25145.5,31331
7,25545.5,84065
7,25945.4,75749
7,26345.2,96993
7,26745.1,55034
7,27145.4,13914
7,27546.4,76062
7,27946.3,72385
7,28346.3,41078
7,28746.3,00881
7,29146.2,20687
7,29546.1,60890
7,29946.4,05417
7,30346.4,08031
7,30746.5,05826
7,31146.6,25194
7,31546.4,40807
7,31946.4,67916
7,32346.1,73689
7,32747.4,53859
7,33147.1,67590
7,33547.3,50392
7,33947.2,44851
7,34347.1,39284
7,34747.4,19031
7,35147.5,78118
7,35547.3,04185
7,35947.3,86471
7,36347.2,66082
7,36747.1,40637
7,37147.5,59626
7,37548.5,11178
7,37948.1,81078
7,38348.3,87012
7,38748.3,54785
7,39148.4,84967
7,39548.1,48726
7,39948.2,75789
7,40348.3,61117
7,40748.5,06297
7,41148.3,52563
7,41548.5,39152
7,41948.4,52481
7,42348.2,79177
7,42749.3,66504
7,43149.2,38465
7,43549.3,20007
7,43949.3,84476
7,44349.1,88959
7,44749.2,10309
7,45149.2,68563
7,45549.5,29730
7,45949.5,70961
7,46349.5,49313
7,46749.2,53052
7,47149.5,23916
7,47550.5,76467
7,47950.5,21310
7,48350.2,91607
7,48750.1,91712
7,49150.5,78610
7,49550.2,54454
7,49950.5,47170
7,50350.1,64404
7,50750.4,89203
7,51150.3,27610
7,51550.1,77457
7,51950.3,79984
7,52350.3,21690
7,52751.4,50705
7,53151.6,00923
7,53551.3,89164
7,53951.3,73161
7,54351.1,91644
7,54751.5,70324
7,55151.3,20153
7,55551.5,24408
7,55951.4,28035
7,56351.5,95465
7,56751.5,07555
7,57151.4,60383
7,57552.6,05482
7,57952.2,93165
7,58352.3,80119
7,58752.1,50878
7,59152.2,17939
7,59552.3,73311
7,59952.1,48507
7,60352.6,10078
7,60752.4,10746
7,61152.2,14535
7,61552.5,60689
7,61952.3,31171
7,62352.3,56485
7,62753.5,33255
7,63153.4,81966
7,63553.2,91410
7,63953.2,83191
7,64353.3,93158
7,64753.5,77583
7,65153.1,64439
7,65553.3,09820
7,65953.1,83907
7,66353.1,89810
7,66753.4,69692
7,67153.3,96696
7,67554.1,76683
7,67954.3,64654
7,68354.4,31526
7,68754.5,95838
7,69154.3,05318
7,69554.5,76743
7,69954.1,48868
7,70354.2,65272
7,70754.1,56397
7,71154.2,58415
7,71554.3,88771
7,71954.4,27376
7,72354.1,93650
7,72755.2,24784
7,73155.5,23975
7,73555.3,96858
7,73955.4,76006
7,74355.3,05575
7,74755.6,03944
7,75155.2,77043
7,75555.5,61280
7,75955.2,92376
7,76355.3,70327
7,76755.5,79386
7,77155.2,39579
7,77556.3,34145
7,77956.1,99220
7,78356.5,50957
7,78756.2,66549
7,79156.2,64742
7,79556.5,59185
7,79956.3,99730
7,80356.1,46455
7,80756.1,49867
7,81156.3,04337
7,81556.3,47740
7,81956.2,57483
7,82356.3,35415
7,82757.1,50797
7,83157.2,34334
7,83557.3,77397
7,83957.5,29664
7,84357.4,36531
7,84757.4,94449
7,85157.2,53888
7,85557.1,54632
7,85957.4,36662
7,86357.1,31926
7,86757.2,59388
7,87157.5,93110
7,87558.4,59497
7,87958.5,86196
7,88358.5,14444
7,88758.2,56135
7,89158.4,76202
7,89558.2,57711
7,89958.4,82838
7,90358.4,27453
7,90758.4,49172
7,91158.3,07336
7,91558.1,26394
7,91958.4,80873
7,92358.5,79401
7,92759.2,82089
7,93159.5,03102
7,93559.4,79038
7,93959.5,14367
7,94359.3,24602
7,94759.2,12612
7,95159.1,79080
7,95559.3,63347
7,95959.2,48570
7,96359.1,99389
7,96759.5,91549
7,97159.2,82116
7,97560.1,06301
7,97960.3,06815
7,98360.5,40315
7,98760.1,52981
7,99160.4,35660
7,99560.4,89496
7,99960.2,45569
8,00360.4,94885
8,00760.4,54833
8,01160.5,41391
8,01560.3,95164
8,01960.2,73521
8,02360.4,51950
8,02761.2,01352
8,03161.4,84230
8,03561.2,74257
8,03961.3,14170
8,04361.2,61555
8,04761.4,51232
8,05161.0,98748
8,05561.1,06974
8,05961.2,85210
8,06361.4,78477
8,06761.5,74062
8,07161.5,82533
8,07562.2,29771
8,07962.1,18810
8,08362.2,25697
8,08762.5,13521
8,09162.3,68578
8,09562.3,82151
8,09962.3,28506
8,10362.1,14802
8,10762.4,61877
8,11162.3,41619
8,11562.5,62844
8,11962.4,86374
8,12362.1,28312
8,12763.5,23724
8,13163.5,62316
8,13563.4,50211
8,13963.4,70874
8,14363.1,97045
8,14763.4,87358
8,15163.3,10282
8,15563.2,92237
8,15963.3,03562
8,16363.2,17526
8,16763.3,56131
8,17163.2,35644
8,17564.1,65972
8,17964.1,36852
8,18364.5,46441
8,18764.1,82195
8,19164.2,57903
8,19564.4,45667
8,19964.1,49506
8,20364.2,92775
8,20764.2,57958
8,21164.5,71007
8,21564.2,44325
8,21964.1,20010
8,22364.5,78822
8,22765.4,98516
8,23165.4,07633
8,23565.1,76180
8,23965.5,60072
8,24365.3,30739
8,24765.5,36984
8,25165.2,36722
8,25565.5,09801
8,25965.1,26626
8,26365.1,60488
8,26765.3,17256
8,27165.5,43900
8,27566.3,07532
8,27966.1,67478
8,28366.1,46262
8,28766.1,25487
8,29166.1,38685
8,29566.1,62822
8,29966.3,09017
8,30366.2,75835
8,30766.4,29464
8,31166.4,33697
8,31566.1,49448
8,31966.2,43746
8,32366.0,93010
8,32767.4,69934
8,33167.1,28966
8,33567.3,85252
8,33967.1,52724
8,34367.2,70104
8,34767.3,12222
8,35167.2,36071
8,35567.5,74060
8,35967.4,22824
8,36367.5,67835
8,36767.2,98347
8,37167.2,02593
8,37568.5,02741
8,37968.2,47085
8,38368.1,70431
8,38768.3,97360
8,39168.4,79146
8,39568.5,31336
8,39968.2,21149
8,40368.2,53929
8,40768.3,25321
8,41168.3,90692
8,41568.4,40525
8,41968.1,97802
8,42368.5,17213
8,42769.2,60990
8,43169.3,69281
8,43569.3,92663
8,43969.3,31393
8,44369.1,50240
8,44769.4,50051
8,45169.4,50595
8,45569.4,92922
8,45969.4,24976
8,46369.4,90032
8,46769.2,13469
8,47169.5,03121
8,47570.1,47693
8,47970.2,87426
8,48370.4,75698
8,48770.3,16703
8,49170.1,25003
8,49570.3,79235
8,49970.4,33142
8,50370.2,30358
8,50770.3,54403
8,51170.5,47019
8,51570.4,84484
8,51970.3,63664
8,52370.1,55894
8,52771.2,35179
8,53171.3,89617
8,53571.1,88919
8,53971.5,36045
8,54371.5,70612
8,54771.2,76526
8,55171.4,04729
8,55571.4,28000
8,55971.5,74574
8,56371.5,54897
8,56771.1,52241
8,57171.3,14740
8,57572.1,31960
8,57972.1,36709
8,58372.1,74936
8,58772.2,81003
8,59172.1,03157
8,59572.5,07992
8,59972.3,72126
8,60372.3,89764
8,60772.2,15169
8,61172.3,45048
8,61572.5,32980
8,61972.4,24485
8,62372.1,73049
8,62773.1,91306
8,63173.3,03984
8,63573.4,85815
8,63973.1,73620
8,64373.1,74924
8,64773.5,61219
8,65173.1,42737
8,65573.1,40447
8,65973.1,92933
8,66373.2,31985
8,66773.1,24076
8,67173.1,16443
8,67574.1,20598
8,67974.2,19449
8,68374.2,19003
8,68774.1,12760
8,69174.1,38450
8,69574.4,50706
8,69974.3,72758
8,70374.1,10602
8,70774.0,98382
8,71174.1,70117
8,71574.1,66420
8,71974.2,77358
8,72374.5,19632
8,72775.0,85437
8,73175.5,54236
8,73575.3,74902
8,73975.3,26803
8,74375.3,58033
8,74775.4,08389
8,75175.1,12947
8,75575.5,54947
8,75975.3,58697
8,76375.4,97650
8,76775.4,02764
8,77175.5,60762
8,77576.0,83911
8,77976.3,98361
8,78376.1,64898
8,78776.4,05553
8,79176.3,53990
8,79576.2,08583
8,79976.4,34817
8,80376.4,60961
8,80776.1,19989
8,81176.1,74066
8,81576.5,16281
8,81976.0,84989
8,82376.3,06181
8,82777.1,39732
8,83177.3,40107
8,83577.3,07522
8,83977.5,45188
8,84377.1,03730
8,84777.2,46731
8,85177.2,88283
8,85577.4,54284
8,85977.3,32167
8,86377.4,73189
8,86777.5,43577
8,87177.4,47783
8,87578.2,36697
8,87978.2,00092
8,88378.4,18121
8,88778.3,02189
8,89178.5,46687
8,89578.4,93514
8,89978.4,99603
8,90378.2,57633
8,90778.3,93062
8,91178.2,03787
8,91578.5,41148
8,91978.1,43953
8,92378.5,55050
8,92779.3,14692
8,93179.0,82611
8,93579.4,68202
8,93979.3,20424
8,94379.5,45518
8,94779.0,78848
8,95179.1,82056
8,95579.4,45666
8,95979.2,23502
8,96379.1,90849
8,96779.3,55942
8,97179.3,57455
8,97580.5,11273
8,97980.2,80533
8,98380.2,40196
8,98780.2,96107
8,99180.2,65458
8,99580.1,72845
8,99980.0,95643
9,00380.2,35787
9,00780.0,96511
9,01180.4,41445
9,01580.3,71615
9,01980.1,60299
9,02380.1,48716
9,02781.2,29716
9,03181.4,98614
9,03581.1,42372
9,03981.3,21034
9,04381.3,72393
9,04781.1,74186
9,05181.4,36461
9,05581.2,10980
9,05981.3,77855
9,06381.2,23458
9,06781.2,05529
9,07181.4,16996
9,07582.1,49731
9,07982.4,76553
9,08382.1,05838
9,08782.4,69628
9,09182.4,77138
9,09582.1,57100
9,09982.2,48617
9,10382.3,07817
9,10782.4,88699
9,11182.0,69460
9,11582.2,31978
9,11982.5,35314
9,12382.4,41915
9,12783.2,56212
9,13183.3,61390
9,13583.2,57274
9,13983.4,52632
9,14383.2,59956
9,14783.0,91038
9,15183.2,84062
9,15583.2,84947
9,15983.4,80155
9,16383.3,27075
9,16783.2,96371
9,17183.3,18067
9,17584.4,63623
9,17984.5,07895
9,18384.3,97607
9,18784.3,86938
9,19184.5,16309
9,19584.0,98457
9,19984.0,81511
9,20384.5,37551
9,20784.0,96574
9,21184.0,80444
9,21584.4,85462
9,21984.4,89622
9,22384.2,54609
9,22785.1,42790
9,23185.3,74886
9,23585.2,83838
9,23985.3,57002
9,24385.3,26449
9,24785.4,28923
9,25185.2,53993
9,25585.4,86811
9,25985.4,66985
9,26385.2,92999
9,26785.3,40495
9,27185.5,44325
9,27586.3,41253
9,27986.1,49551
9,28386.5,34212
9,28786.4,90755
9,29186.2,72408
9,29586.3,68705
9,29986.1,75764
9,30386.5,34371
9,30786.3,77087
9,31186.2,69859
9,31586.1,43704
9,31986.5,16583
9,32386.1,42463
9,32787.2,96217
9,33187.1,24618
9,33587.4,31120
9,33987.4,94367
9,34387.1,02644
9,34787.3,17257
9,35187.2,06642
9,35587.4,61269
9,35987.5,18214
9,36387.2,80184
9,36787.4,64451
9,37187.1,11736
9,37588.4,42824
9,37988.5,49312
9,38388.3,34266
9,38788.4,91185
9,39188.3,97339
9,39588.2,48670
9,39988.2,09143
9,40388.3,64318
9,40788.3,58398
9,41188.1,72573
9,41588.5,26618
9,41988.3,61279
9,42388.1,50335
9,42789.3,07156
9,43189.1,93438
9,43589.4,74127
9,43989.3,33387
9,44389.1,78137
9,44789.2,97418
9,45189.1,75974
9,45589.1,42674
9,45989.5,11024
9,46389.4,90242
9,46789.2,94393
9,47189.4,27616
9,47590.5,34739
9,47990.1,47863
9,48390.2,90461
9,48790.3,25569
9,49190.2,54575
9,49590.3,34370
9,49990.3,21276
9,50390.2,74494
9,50790.3,99921
9,51190.4,25536
9,51590.1,84526
9,51990.3,47796
9,52390.2,50532
9,52791.4,01651
9,53191.4,72424
9,53591.3,51080
9,53991.3,77688
9,54391.0,82117
9,54791.2,36093
9,55191.1,28622
9,55591.0,80963
9,55991.1,61635
9,56391.1,42120
9,56791.1,68850
9,57191.0,61521
9,57592.0,91063
9,57992.2,70588
9,58392.1,82264
9,58792.4,25346
9,59192.1,41750
9,59592.3,48485
9,59992.2,22972
9,60392.2,84356
9,60792.4,28439
9,61192.2,74383
9,61592.5,21029
9,61992.1,36036
9,62392.5,36899
9,62793.1,91648
9,63193.3,04030
9,63593.4,36180
9,63993.0,62249
9,64393.1,21627
9,64793.3,00896
9,65193.3,14542
9,65593.2,91884
9,65993.4,98057
9,66393.0,78247
9,66793.2,55429
9,67193.4,75345
9,67594.3,68012
9,67994.2,57662
9,68394.2,77949
9,68794.4,70860
9,69194.3,71494
9,69594.4,28023
9,69994.1,73046
9,70394.2,37816
9,70794.4,81596
9,71194.5,05176
9,71594.4,74959
9,71994.2,64510
9,72394.5,21724
9,72795.1,14370
9,73195.1,53515
9,73595.0,90964
9,73995.0,93286
9,74395.2,26535
9,74795.2,72429
9,75195.3,54985
9,75595.5,04908
9,75995.4,38499
9,76395.1,13945
9,76795.0,63553
9,77195.4,57282
9,77596.0,55311
9,77996.3,69148
9,78396.1,67797
9,78796.2,39815
9,79196.2,82684
9,79596.1,24959
9,79996.0,62738
9,80396.0,95541
9,80796.3,63095
9,81196.3,24613
9,81596.2,38794
9,81996.1,83326
9,82396.4,90391
9,82797.1,28709
9,83197.4,90866
9,83597.2,10877
9,83997.2,14115
9,84397.2,03046
9,84797.0,75725
9,85197.4,37873
9,85597.5,05998
9,85997.1,09620
9,86397.4,80870
9,86797.1,42427
9,87197.2,22254
9,87598.0,68248
9,87998.3,98620
9,88398.2,87230
9,88798.4,01173
9,89198.4,21033
9,89598.2,68710
9,89998.2,03890
9,90398.3,06882
9,90798.4,10445
9,91198.4,29705
9,91598.4,68413
9,91998.4,32637
9,92398.2,14493
9,92799.5,17485
9,93199.3,94309
9,93599.2,95349
9,93999.4,12869
9,94399.4,39557
9,94799.3,66752
9,95199.4,55931
9,95599.3,66190
9,95999.0,79167
9,96399.2,72888
9,96799.3,44983
9,97199.4,77315
9,97600.4,29638
9,98000.1,01520
9,98400.5,19856
9,98800.3,01561
9,99200.0,79709
9,99600.2,32878
10,00000.3,48402
